TOP.DesignIndex,TOP.Color,TOP.DesignCount,TOP.VT,TOP.Voltage,TOP.top_FMA.FMA.Designware_MODE,TOP.top_FMA.FMA.EnableDenormals,TOP.top_FMA.FMA.ExponentWidth,TOP.top_FMA.FMA.FractionWidth,TOP.top_FMA.FMA.UseInc,STAT_Comp_Good,STAT_Mapped_Timing_Good,STAT_Optimized_Timing_Good,STAT_Pareto,STAT_Routed_Timing_Good,STAT_Run_Good,STAT_Synthesis_Good,STAT_Timing_Good,INFO_Comb_Cell_Count,INFO_DESIGN,INFO_DESIGN_NAME,INFO_EvalTime,INFO_GenTime,INFO_IO2CORE,INFO_Mapped_Comb_Cell_Count,INFO_Mapped_Seq_Cell_Count,INFO_Optimized_Comb_Cell_Count,INFO_Optimized_Seq_Cell_Count,INFO_Routed_Comb_Cell_Count,INFO_Routed_Seq_Cell_Count,INFO_Seq_Cell_Count,INFO_Suggest_Delay,INFO_TARGET,INFO_TARGET_DELAY,INFO_TARGET_VOLTAGE,INFO_TotalRunTime,INFO_VT,COST_Area,COST_Delay,COST_Dyn_Energy,COST_Leak_Power,COST_Mapped_Area,COST_Mapped_Delay,COST_Mapped_Dyn_Energy,COST_Mapped_Leak_Power,COST_Optimized_Area,COST_Optimized_Delay,COST_Optimized_Dyn_Energy,COST_Optimized_Leak_Power,COST_Routed_Area,COST_Routed_Delay,COST_Routed_Dyn_Energy,COST_Routed_Leak_Power,
0 , 0.0714285714285714 , 6 , svt , 0.8 , OFF , YES , 15 , 112 , NO , 1 , 0 , 0 , 1 , 0 , 1 , 1 , 0 , 77591 , FMA_unq1 , FMA , 83083 , 70 , 30 , 71569 , 0 , 77591 , 0 , 67703 , 0 , 0 , 5.35 , 0 , 3.41 , 0.9 , 83153 , svt , 0.100598 , 5.35 , 40.0484 , 2.2001 , 0.082852788351 , 3.92 , 29.3155 , 1.9138 , 0.100598 , 5.35 , 40.0484 , 2.2001 , 0.095487 , 5.39 , 41.3829 , 2.1909 , 
0 , 0.0714285714285714 , 6 , svt , 0.8 , OFF , YES , 15 , 112 , NO , 1 , 0 , 0 , 1 , 0 , 1 , 1 , 0 , 63507 , FMA_unq1 , FMA , 12614 , 81 , 30 , 60791 , 0 , 63507 , 0 , 51286 , 0 , 0 , 8.70 , 0 , 5.75697969031272 , 0.9 , 12695 , svt , 0.078853 , 8.70 , 34.5038 , 1.2063 , 0.072184115917 , 6.65 , 24.7778 , 1.4912 , 0.078853 , 8.70 , 34.5038 , 1.2063 , 0.072286 , 8.76 , 35.3652 , 1.1641 , 
0 , 0.0714285714285714 , 6 , svt , 0.8 , OFF , YES , 15 , 112 , NO , 1 , 0 , 0 , 1 , 0 , 1 , 1 , 0 , 62274 , FMA_unq1 , FMA , 9809 , 70 , 30 , 60917 , 0 , 62274 , 0 , 49539 , 0 , 0 , 10.16 , 0 , 7.11130830179658 , 0.9 , 9879 , svt , 0.077624 , 10.16 , 33.5960 , 1.1175 , 0.072235448219 , 8.16 , 26.3383 , 1.5797 , 0.077624 , 10.16 , 33.5960 , 1.1175 , 0.070487 , 10.15 , 33.3975 , 1.0283 , 
0 , 0.0714285714285714 , 6 , svt , 0.8 , OFF , YES , 15 , 112 , NO , 1 , 0 , 0 , 1 , 0 , 1 , 1 , 0 , 53920 , FMA_unq1 , FMA , 9125 , 71 , 30 , 51782 , 0 , 53920 , 0 , 40294 , 0 , 0 , 16.25 , 0 , 11.4233317091804 , 0.9 , 9196 , svt , 0.072743 , 16.25 , 33.3527 , 1.2617 , 0.067037292087 , 13.02 , 24.6516 , 1.5891 , 0.072743 , 16.25 , 33.3527 , 1.2617 , 0.065009 , 16.32 , 33.1670 , 1.1977 , 
0 , 0.0714285714285714 , 6 , svt , 0.8 , OFF , YES , 15 , 112 , NO , 1 , 0 , 0 , 1 , 0 , 1 , 1 , 0 , 52945 , FMA_unq1 , FMA , 8414 , 79 , 30 , 51247 , 0 , 52945 , 0 , 39381 , 0 , 0 , 17.18 , 0 , 12.009867339205 , 0.9 , 8493 , svt , 0.071791 , 17.18 , 31.7261 , 1.2341 , 0.066542666469 , 13.78 , 24.3682 , 1.5528 , 0.071791 , 17.18 , 31.7261 , 1.2341 , 0.064054 , 17.10 , 32.1868 , 1.1756 , 
0 , 0.0714285714285714 , 6 , svt , 0.8 , OFF , YES , 15 , 112 , NO , 1 , 0 , 0 , 1 , 0 , 1 , 1 , 0 , 52468 , FMA_unq1 , FMA , 8487 , 70 , 30 , 51486 , 0 , 52468 , 0 , 39618 , 0 , 0 , 18.97 , 0 , 13.3784935881484 , 0.9 , 8557 , svt , 0.071408 , 18.97 , 33.1452 , 1.2180 , 0.066699662472 , 15.16 , 24.6093 , 1.5710 , 0.071408 , 18.97 , 33.1452 , 1.2180 , 0.064456 , 19.09 , 33.2114 , 1.1736 , 
0 , 0.0714285714285714 , 6 , svt , 0.8 , OFF , YES , 15 , 112 , NO , 1 , 0 , 0 , 1 , 0 , 1 , 1 , 0 , 52407 , FMA_unq1 , FMA , 8537 , 79 , 30 , 51206 , 0 , 52407 , 0 , 39061 , 0 , 0 , 19.45 , 0 , 13.9125555948677 , 0.9 , 8616 , svt , 0.071296 , 19.45 , 31.7392 , 1.2124 , 0.066453760869 , 15.74 , 24.3846 , 1.5537 , 0.071296 , 19.45 , 31.7392 , 1.2124 , 0.063739 , 19.70 , 31.8990 , 1.1547 , 
0 , 0.0714285714285714 , 6 , svt , 0.8 , OFF , YES , 15 , 112 , NO , 1 , 0 , 0 , 1 , 0 , 1 , 1 , 0 , 52160 , FMA_unq1 , FMA , 7908 , 67 , 30 , 51470 , 0 , 52160 , 0 , 39367 , 0 , 0 , 22.15 , 0 , 15.6682914621385 , 0.9 , 7975 , svt , 0.071086 , 22.15 , 33.0580 , 1.1987 , 0.066652916476 , 17.68 , 24.5116 , 1.5608 , 0.071086 , 22.15 , 33.0580 , 1.1987 , 0.064134 , 22.05 , 33.0657 , 1.1561 , 
0 , 0.0714285714285714 , 6 , svt , 0.8 , OFF , YES , 15 , 112 , NO , 1 , 0 , 0 , 1 , 0 , 1 , 1 , 0 , 51897 , FMA_unq1 , FMA , 9643 , 79 , 30 , 51255 , 0 , 51897 , 0 , 39040 , 0 , 0 , 22.79 , 0 , 16.1166812016674 , 0.9 , 9722 , svt , 0.070846 , 22.79 , 31.5875 , 1.1921 , 0.066470342476 , 18.22 , 24.3237 , 1.5437 , 0.070846 , 22.79 , 31.5875 , 1.1921 , 0.063694 , 22.69 , 31.8524 , 1.1420 , 
0 , 0.0714285714285714 , 6 , svt , 0.8 , OFF , YES , 15 , 112 , NO , 1 , 1 , 0 , 1 , 0 , 1 , 1 , 0 , 52108 , FMA_unq1 , FMA , 7897 , 69 , 30 , 51488 , 0 , 52108 , 0 , 39311 , 0 , 0 , 26.51 , 0 , 20 , 0.9 , 7966 , svt , 0.070936 , 26.51 , 32.9787 , 1.1874 , 0.06659823248 , 18.30 , 26.3419 , 1.5404 , 0.070936 , 26.51 , 32.9787 , 1.1874 , 0.063829 , 26.42 , 33.8299 , 1.1411 , 
0 , 0.0714285714285714 , 6 , svt , 0.8 , OFF , YES , 15 , 112 , NO , 1 , 1 , 0 , 1 , 0 , 1 , 1 , 0 , 51802 , FMA_unq1 , FMA , 7498 , 82 , 30 , 51214 , 0 , 51802 , 0 , 39020 , 0 , 0 , 26.90 , 0 , 20 , 0.9 , 7580 , svt , 0.070756 , 26.90 , 31.6996 , 1.1874 , 0.066443353275 , 18.83 , 24.3186 , 1.5440 , 0.070756 , 26.90 , 31.6996 , 1.1874 , 0.063739 , 26.97 , 31.9943 , 1.1400 , 
0 , 0.0714285714285714 , 6 , svt , 0.8 , OFF , YES , 15 , 112 , NO , 1 , 1 , 1 , 1 , 1 , 1 , 1 , 1 , 34626 , FMA_unq1 , FMA , 7285 , 89 , 30 , 34271 , 0 , 34626 , 0 , 34435 , 0 , 0 , 28.66 , 0 , 40 , 0.9 , 7374 , svt , 0.067033 , 28.66 , 33.3553 , 1.4036 , 0.063092281857 , 16.38 , 26.5022 , 1.7283 , 0.067033 , 28.66 , 33.3553 , 1.4036 , 0.067122 , 28.61 , 34.3104 , 1.4178 , 
0 , 0.0714285714285714 , 6 , svt , 0.8 , OFF , YES , 15 , 112 , NO , 1 , 1 , 1 , 1 , 1 , 1 , 1 , 1 , 51502 , FMA_unq1 , FMA , 8053 , 83 , 30 , 50895 , 0 , 51502 , 0 , 38710 , 0 , 0 , 29.65 , 0 , 40 , 0.9 , 8136 , svt , 0.069812 , 29.65 , 31.7515 , 1.1659 , 0.065493968471 , 17.63 , 24.0095 , 1.5272 , 0.069812 , 29.65 , 31.7515 , 1.1659 , 0.062749 , 30.24 , 31.9877 , 1.1188 , 
0 , 0.0714285714285714 , 6 , svt , 0.8 , OFF , YES , 15 , 112 , NO , 1 , 1 , 1 , 1 , 1 , 1 , 1 , 1 , 34415 , FMA_unq1 , FMA , 3700 , 33 , 30 , 33309 , 0 , 34415 , 0 , 34419 , 0 , 0 , 31.45 , 0 , 40 , 0.9 , 3733 , svt , 0.057345 , 31.45 , 31.0435 , 1.0763 , 0.053216353162 , 21.03 , 24.0303 , 1.2486 , 0.057345 , 31.45 , 31.0435 , 1.0763 , 0.057345 , 31.57 , 31.0548 , 1.0762 , 
1 , 0.214285714285714 , 6 , svt , 0.8 , ON , YES , 15 , 112 , NO , 1 , 0 , 0 , 1 , 0 , 1 , 1 , 0 , 41409 , FMA_unq1 , FMA , 8829 , 35 , 30 , 37342 , 0 , 41409 , 0 , 41406 , 0 , 0 , 10.47 , 0 , 6.92158546415285 , 0.9 , 8864 , svt , 0.076762 , 10.47 , 41.5583 , 1.8261 , 0.069216890217 , 7.96 , 30.0966 , 1.9336 , 0.076762 , 10.47 , 41.5583 , 1.8261 , 0.076762 , 10.49 , 41.6089 , 1.8288 , 
2 , 0.357142857142857 , 6 , svt , 0.9 , OFF , YES , 15 , 112 , NO , 1 , 1 , 0 , 1 , 0 , 1 , 1 , 0 , 77591 , FMA_unq1 , FMA , 83083 , 70 , 30 , 71569 , 0 , 77591 , 0 , 67703 , 0 , 0 , 3.78 , 1 , 3.41 , 0.9 , 83153 , svt , 0.100598 , 3.78 , 50.5693 , 3.0072 , 0.082852788351 , 2.73 , 36.9572 , 2.6148 , 0.100598 , 3.78 , 50.5693 , 3.0072 , 0.095487 , 3.78 , 52.2440 , 2.9948 , 
2 , 0.357142857142857 , 6 , svt , 0.9 , OFF , YES , 15 , 112 , NO , 1 , 1 , 0 , 1 , 0 , 1 , 1 , 0 , 80010 , FMA_unq1 , FMA , 82428 , 80 , 30 , 71213 , 0 , 80010 , 0 , 69643 , 0 , 0 , 4.29 , 1 , 3.84 , 0.9 , 82508 , svt , 0.100489 , 4.29 , 58.1995 , 2.8519 , 0.081525025469 , 3.07 , 36.5938 , 2.5635 , 0.100489 , 4.29 , 58.1995 , 2.8519 , 0.092977 , 4.19 , 58.5573 , 2.7240 , 
2 , 0.357142857142857 , 6 , svt , 0.9 , OFF , YES , 15 , 112 , NO , 1 , 1 , 0 , 1 , 0 , 1 , 1 , 0 , 63507 , FMA_unq1 , FMA , 12614 , 81 , 30 , 60791 , 0 , 63507 , 0 , 51286 , 0 , 0 , 6.09 , 1 , 5.75697969031272 , 0.9 , 12695 , svt , 0.078853 , 6.09 , 43.5978 , 1.6439 , 0.072184115917 , 4.61 , 31.2408 , 2.0342 , 0.078853 , 6.09 , 43.5978 , 1.6439 , 0.072286 , 6.14 , 44.6771 , 1.5869 , 
2 , 0.357142857142857 , 6 , svt , 0.9 , OFF , YES , 15 , 112 , NO , 1 , 1 , 0 , 1 , 1 , 1 , 1 , 0 , 62274 , FMA_unq1 , FMA , 9809 , 70 , 30 , 60917 , 0 , 62274 , 0 , 49539 , 0 , 0 , 7.14 , 1 , 7.11130830179658 , 0.9 , 9879 , svt , 0.077624 , 7.14 , 42.4477 , 1.5212 , 0.072235448219 , 5.69 , 33.1977 , 2.1563 , 0.077624 , 7.14 , 42.4477 , 1.5212 , 0.070487 , 7.11 , 42.1924 , 1.3995 , 
2 , 0.357142857142857 , 6 , svt , 0.9 , OFF , YES , 15 , 112 , NO , 1 , 1 , 1 , 1 , 1 , 1 , 1 , 1 , 53920 , FMA_unq1 , FMA , 9125 , 71 , 30 , 51782 , 0 , 53920 , 0 , 40294 , 0 , 0 , 11.40 , 1 , 11.4233317091804 , 0.9 , 9196 , svt , 0.072743 , 11.40 , 42.0789 , 1.7190 , 0.067037292087 , 9.14 , 31.0126 , 2.1688 , 0.072743 , 11.40 , 42.0789 , 1.7190 , 0.065009 , 11.42 , 41.8399 , 1.6320 , 
2 , 0.357142857142857 , 6 , svt , 0.9 , OFF , YES , 15 , 112 , NO , 1 , 1 , 0 , 1 , 0 , 1 , 1 , 0 , 52945 , FMA_unq1 , FMA , 8414 , 79 , 30 , 51247 , 0 , 52945 , 0 , 39381 , 0 , 0 , 12.05 , 1 , 12.009867339205 , 0.9 , 8493 , svt , 0.071791 , 12.05 , 40.0158 , 1.6812 , 0.066542666469 , 9.61 , 30.6504 , 2.1191 , 0.071791 , 12.05 , 40.0158 , 1.6812 , 0.064054 , 12.03 , 40.5951 , 1.6019 , 
2 , 0.357142857142857 , 6 , svt , 0.9 , OFF , YES , 15 , 112 , NO , 1 , 1 , 0 , 1 , 1 , 1 , 1 , 0 , 52468 , FMA_unq1 , FMA , 8487 , 70 , 30 , 51486 , 0 , 52468 , 0 , 39618 , 0 , 0 , 13.40 , 1 , 13.3784935881484 , 0.9 , 8557 , svt , 0.071408 , 13.40 , 41.8231 , 1.6591 , 0.066699662472 , 10.70 , 30.9596 , 2.1440 , 0.071408 , 13.40 , 41.8231 , 1.6591 , 0.064456 , 13.23 , 41.8994 , 1.5991 , 
2 , 0.357142857142857 , 6 , svt , 0.9 , OFF , YES , 15 , 112 , NO , 1 , 1 , 1 , 1 , 1 , 1 , 1 , 1 , 52407 , FMA_unq1 , FMA , 8537 , 79 , 30 , 51206 , 0 , 52407 , 0 , 39061 , 0 , 0 , 13.80 , 1 , 13.9125555948677 , 0.9 , 8616 , svt , 0.071296 , 13.80 , 40.0344 , 1.6514 , 0.066453760869 , 11.12 , 30.6741 , 2.1202 , 0.071296 , 13.80 , 40.0344 , 1.6514 , 0.063739 , 13.88 , 40.2342 , 1.5732 , 
2 , 0.357142857142857 , 6 , svt , 0.9 , OFF , YES , 15 , 112 , NO , 1 , 1 , 1 , 1 , 1 , 1 , 1 , 1 , 52160 , FMA_unq1 , FMA , 7908 , 67 , 30 , 51470 , 0 , 52160 , 0 , 39367 , 0 , 0 , 15.65 , 1 , 15.6682914621385 , 0.9 , 7975 , svt , 0.071086 , 15.65 , 41.7155 , 1.6325 , 0.066652916476 , 12.49 , 30.8356 , 2.1300 , 0.071086 , 15.65 , 41.7155 , 1.6325 , 0.064134 , 15.41 , 41.7174 , 1.5750 , 
2 , 0.357142857142857 , 6 , svt , 0.9 , OFF , YES , 15 , 112 , NO , 1 , 1 , 0 , 1 , 1 , 1 , 1 , 0 , 51897 , FMA_unq1 , FMA , 9643 , 79 , 30 , 51255 , 0 , 51897 , 0 , 39040 , 0 , 0 , 16.13 , 1 , 16.1166812016674 , 0.9 , 9722 , svt , 0.070846 , 16.13 , 39.8443 , 1.6235 , 0.066470342476 , 12.89 , 30.5962 , 2.1064 , 0.070846 , 16.13 , 39.8443 , 1.6235 , 0.063694 , 16.02 , 40.1748 , 1.5558 , 
2 , 0.357142857142857 , 6 , svt , 0.9 , OFF , YES , 15 , 112 , NO , 1 , 1 , 1 , 1 , 1 , 1 , 1 , 1 , 52108 , FMA_unq1 , FMA , 7897 , 69 , 30 , 51488 , 0 , 52108 , 0 , 39311 , 0 , 0 , 18.50 , 1 , 20 , 0.9 , 7966 , svt , 0.070936 , 18.50 , 41.5835 , 1.6171 , 0.06659823248 , 12.94 , 33.1335 , 2.1018 , 0.070936 , 18.50 , 41.5835 , 1.6171 , 0.063829 , 18.38 , 42.6579 , 1.5544 , 
2 , 0.357142857142857 , 6 , svt , 0.9 , OFF , YES , 15 , 112 , NO , 1 , 1 , 1 , 1 , 1 , 1 , 1 , 1 , 51802 , FMA_unq1 , FMA , 7498 , 82 , 30 , 51214 , 0 , 51802 , 0 , 39020 , 0 , 0 , 18.67 , 1 , 20 , 0.9 , 7580 , svt , 0.070756 , 18.67 , 39.9869 , 1.6171 , 0.066443353275 , 13.31 , 30.5902 , 2.1068 , 0.070756 , 18.67 , 39.9869 , 1.6171 , 0.063739 , 18.77 , 40.3549 , 1.5529 , 
2 , 0.357142857142857 , 6 , svt , 0.9 , OFF , YES , 15 , 112 , NO , 1 , 1 , 1 , 1 , 1 , 1 , 1 , 1 , 34626 , FMA_unq1 , FMA , 7285 , 89 , 30 , 34271 , 0 , 34626 , 0 , 34435 , 0 , 0 , 19.93 , 1 , 40 , 0.9 , 7374 , svt , 0.067033 , 19.93 , 42.0535 , 1.9130 , 0.063092281857 , 11.50 , 33.3267 , 2.3592 , 0.067033 , 19.93 , 42.0535 , 1.9130 , 0.067122 , 19.87 , 43.2590 , 1.9326 , 
2 , 0.357142857142857 , 6 , svt , 0.9 , OFF , YES , 15 , 112 , NO , 1 , 1 , 1 , 1 , 1 , 1 , 1 , 1 , 51502 , FMA_unq1 , FMA , 8053 , 83 , 30 , 50895 , 0 , 51502 , 0 , 38710 , 0 , 0 , 20.65 , 1 , 40 , 0.9 , 8136 , svt , 0.069812 , 20.65 , 40.0584 , 1.5878 , 0.065493968471 , 12.37 , 30.2043 , 2.0839 , 0.069812 , 20.65 , 40.0584 , 1.5878 , 0.062749 , 21.02 , 40.3527 , 1.5240 , 
2 , 0.357142857142857 , 6 , svt , 0.9 , OFF , YES , 15 , 112 , NO , 1 , 1 , 1 , 1 , 1 , 1 , 1 , 1 , 34415 , FMA_unq1 , FMA , 3700 , 33 , 30 , 33309 , 0 , 34415 , 0 , 34419 , 0 , 0 , 22.01 , 1 , 40 , 0.9 , 3733 , svt , 0.057345 , 22.01 , 39.1205 , 1.4692 , 0.053216353162 , 14.63 , 30.2428 , 1.7066 , 0.057345 , 22.01 , 39.1205 , 1.4692 , 0.057345 , 22.11 , 39.1349 , 1.4691 , 
3 , 0.5 , 6 , svt , 0.9 , ON , YES , 15 , 112 , NO , 1 , 1 , 0 , 1 , 0 , 1 , 1 , 0 , 41409 , FMA_unq1 , FMA , 8829 , 35 , 30 , 37342 , 0 , 41409 , 0 , 41406 , 0 , 0 , 7.36 , 1 , 6.92158546415285 , 0.9 , 8864 , svt , 0.076762 , 7.36 , 52.3944 , 2.4924 , 0.069216890217 , 5.54 , 37.8671 , 2.6403 , 0.076762 , 7.36 , 52.3944 , 2.4924 , 0.076762 , 7.35 , 52.4584 , 2.4962 , 
4 , 0.642857142857143 , 6 , svt , 1.0 , OFF , YES , 15 , 112 , NO , 1 , 0 , 0 , 1 , 0 , 1 , 1 , 0 , 68182 , FMA_unq1 , FMA , 36358 , 38 , 30 , 62797 , 0 , 68182 , 0 , 68180 , 0 , 0 , 2.43 , 0 , 1.6 , 0.9 , 36396 , svt , 0.136087 , 2.43 , 96.3653 , 8.0654 , 0.114207534818 , 1.74 , 74.5777 , 6.7471 , 0.136087 , 2.43 , 96.3653 , 8.0654 , 0.136087 , 2.45 , 96.1264 , 8.0690 , 
4 , 0.642857142857143 , 6 , svt , 1.0 , OFF , YES , 15 , 112 , NO , 1 , 1 , 1 , 1 , 1 , 1 , 1 , 1 , 77591 , FMA_unq1 , FMA , 83083 , 70 , 30 , 71569 , 0 , 77591 , 0 , 67703 , 0 , 0 , 2.95 , 0 , 3.41 , 0.9 , 83153 , svt , 0.100598 , 2.95 , 62.5640 , 4.0495 , 0.082852788351 , 2.11 , 45.6975 , 3.5201 , 0.100598 , 2.95 , 62.5640 , 4.0495 , 0.095487 , 2.95 , 64.6203 , 4.0332 , 
4 , 0.642857142857143 , 6 , svt , 1.0 , OFF , YES , 15 , 112 , NO , 1 , 1 , 1 , 1 , 1 , 1 , 1 , 1 , 80010 , FMA_unq1 , FMA , 82428 , 80 , 30 , 71213 , 0 , 80010 , 0 , 69643 , 0 , 0 , 3.30 , 0 , 3.84 , 0.9 , 82508 , svt , 0.100489 , 3.30 , 71.9952 , 3.8390 , 0.081525025469 , 2.38 , 45.2416 , 3.4514 , 0.100489 , 3.30 , 71.9952 , 3.8390 , 0.092977 , 3.25 , 72.4021 , 3.6667 , 
4 , 0.642857142857143 , 6 , svt , 1.0 , OFF , YES , 15 , 112 , NO , 1 , 1 , 1 , 1 , 1 , 1 , 1 , 1 , 63507 , FMA_unq1 , FMA , 12614 , 81 , 30 , 60791 , 0 , 63507 , 0 , 51286 , 0 , 0 , 4.69 , 0 , 5.75697969031272 , 0.9 , 12695 , svt , 0.078853 , 4.69 , 53.9559 , 2.2081 , 0.072184115917 , 3.53 , 38.6300 , 2.7347 , 0.078853 , 4.69 , 53.9559 , 2.2081 , 0.072286 , 4.72 , 55.2678 , 2.1323 , 
4 , 0.642857142857143 , 6 , svt , 1.0 , OFF , YES , 15 , 112 , NO , 1 , 1 , 1 , 1 , 1 , 1 , 1 , 1 , 62274 , FMA_unq1 , FMA , 9809 , 70 , 30 , 60917 , 0 , 62274 , 0 , 49539 , 0 , 0 , 5.48 , 0 , 7.11130830179658 , 0.9 , 9879 , svt , 0.077624 , 5.48 , 52.5309 , 2.0413 , 0.072235448219 , 4.36 , 41.0464 , 2.9002 , 0.077624 , 5.48 , 52.5309 , 2.0413 , 0.070487 , 5.50 , 52.1977 , 1.8777 , 
4 , 0.642857142857143 , 6 , svt , 1.0 , OFF , YES , 15 , 112 , NO , 1 , 1 , 1 , 1 , 1 , 1 , 1 , 1 , 53920 , FMA_unq1 , FMA , 9125 , 71 , 30 , 51782 , 0 , 53920 , 0 , 40294 , 0 , 0 , 8.81 , 0 , 11.4233317091804 , 0.9 , 9196 , svt , 0.072743 , 8.81 , 52.0421 , 2.3081 , 0.067037292087 , 7.04 , 38.2954 , 2.9165 , 0.072743 , 8.81 , 52.0421 , 2.3081 , 0.065009 , 8.82 , 51.7331 , 2.1916 , 
4 , 0.642857142857143 , 6 , svt , 1.0 , OFF , YES , 15 , 112 , NO , 1 , 1 , 1 , 1 , 1 , 1 , 1 , 1 , 52945 , FMA_unq1 , FMA , 8414 , 79 , 30 , 51247 , 0 , 52945 , 0 , 39381 , 0 , 0 , 9.31 , 0 , 12.009867339205 , 0.9 , 8493 , svt , 0.071791 , 9.31 , 49.4817 , 2.2571 , 0.066542666469 , 7.41 , 37.8383 , 2.8493 , 0.071791 , 9.31 , 49.4817 , 2.2571 , 0.064054 , 9.28 , 50.1873 , 2.1511 , 
4 , 0.642857142857143 , 6 , svt , 1.0 , OFF , YES , 15 , 112 , NO , 1 , 1 , 1 , 1 , 1 , 1 , 1 , 1 , 52468 , FMA_unq1 , FMA , 8487 , 70 , 30 , 51486 , 0 , 52468 , 0 , 39618 , 0 , 0 , 10.33 , 0 , 13.3784935881484 , 0.9 , 8557 , svt , 0.071408 , 10.33 , 51.7317 , 2.2271 , 0.066699662472 , 8.24 , 38.2286 , 2.8831 , 0.071408 , 10.33 , 51.7317 , 2.2271 , 0.064456 , 10.20 , 51.8081 , 2.1472 , 
4 , 0.642857142857143 , 6 , svt , 1.0 , OFF , YES , 15 , 112 , NO , 1 , 1 , 1 , 1 , 1 , 1 , 1 , 1 , 52407 , FMA_unq1 , FMA , 8537 , 79 , 30 , 51206 , 0 , 52407 , 0 , 39061 , 0 , 0 , 10.70 , 0 , 13.9125555948677 , 0.9 , 8616 , svt , 0.071296 , 10.70 , 49.5062 , 2.2166 , 0.066453760869 , 8.57 , 37.8744 , 2.8509 , 0.071296 , 10.70 , 49.5062 , 2.2166 , 0.063739 , 10.71 , 49.7429 , 2.1122 , 
4 , 0.642857142857143 , 6 , svt , 1.0 , OFF , YES , 15 , 112 , NO , 1 , 1 , 1 , 1 , 1 , 1 , 1 , 1 , 52160 , FMA_unq1 , FMA , 7908 , 67 , 30 , 51470 , 0 , 52160 , 0 , 39367 , 0 , 0 , 12.08 , 0 , 15.6682914621385 , 0.9 , 7975 , svt , 0.071086 , 12.08 , 51.6020 , 2.1911 , 0.066652916476 , 9.62 , 38.0733 , 2.8640 , 0.071086 , 12.08 , 51.6020 , 2.1911 , 0.064134 , 11.86 , 51.5859 , 2.1145 , 
4 , 0.642857142857143 , 6 , svt , 1.0 , OFF , YES , 15 , 112 , NO , 1 , 1 , 1 , 1 , 1 , 1 , 1 , 1 , 51897 , FMA_unq1 , FMA , 9643 , 79 , 30 , 51255 , 0 , 51897 , 0 , 39040 , 0 , 0 , 12.46 , 0 , 16.1166812016674 , 0.9 , 9722 , svt , 0.070846 , 12.46 , 49.2728 , 2.1790 , 0.066470342476 , 9.94 , 37.7752 , 2.8321 , 0.070846 , 12.46 , 49.2728 , 2.1790 , 0.063694 , 12.37 , 49.6676 , 2.0887 , 
4 , 0.642857142857143 , 6 , svt , 1.0 , OFF , YES , 15 , 112 , NO , 1 , 1 , 1 , 1 , 1 , 1 , 1 , 1 , 52108 , FMA_unq1 , FMA , 7897 , 69 , 30 , 51488 , 0 , 52108 , 0 , 39311 , 0 , 0 , 14.14 , 0 , 20 , 0.9 , 7966 , svt , 0.070936 , 14.14 , 51.4101 , 2.1703 , 0.06659823248 , 9.98 , 40.9072 , 2.8257 , 0.070936 , 14.14 , 51.4101 , 2.1703 , 0.063829 , 14.00 , 52.7270 , 2.0867 , 
4 , 0.642857142857143 , 6 , svt , 1.0 , OFF , YES , 15 , 112 , NO , 1 , 1 , 1 , 1 , 1 , 1 , 1 , 1 , 51802 , FMA_unq1 , FMA , 7498 , 82 , 30 , 51214 , 0 , 51802 , 0 , 39020 , 0 , 0 , 14.19 , 0 , 20 , 0.9 , 7580 , svt , 0.070756 , 14.19 , 49.4495 , 2.1702 , 0.066443353275 , 10.27 , 37.7682 , 2.8326 , 0.070756 , 14.19 , 49.4495 , 2.1702 , 0.063739 , 14.29 , 49.8904 , 2.0848 , 
4 , 0.642857142857143 , 6 , svt , 1.0 , OFF , YES , 15 , 112 , NO , 1 , 1 , 1 , 1 , 1 , 1 , 1 , 1 , 34626 , FMA_unq1 , FMA , 7285 , 89 , 30 , 34271 , 0 , 34626 , 0 , 34435 , 0 , 0 , 15.14 , 0 , 40 , 0.9 , 7374 , svt , 0.067033 , 15.14 , 51.9970 , 2.5690 , 0.063092281857 , 8.80 , 41.1370 , 3.1727 , 0.067033 , 15.14 , 51.9970 , 2.5690 , 0.067122 , 15.08 , 53.4790 , 2.5956 , 
4 , 0.642857142857143 , 6 , svt , 1.0 , OFF , YES , 15 , 112 , NO , 1 , 1 , 1 , 1 , 1 , 1 , 1 , 1 , 51502 , FMA_unq1 , FMA , 8053 , 83 , 30 , 50895 , 0 , 51502 , 0 , 38710 , 0 , 0 , 15.70 , 0 , 40 , 0.9 , 8136 , svt , 0.069812 , 15.70 , 49.5425 , 2.1311 , 0.065493968471 , 9.47 , 37.2971 , 2.8018 , 0.069812 , 15.70 , 49.5425 , 2.1311 , 0.062749 , 15.96 , 49.8937 , 2.0460 , 
4 , 0.642857142857143 , 6 , svt , 1.0 , OFF , YES , 15 , 112 , NO , 1 , 1 , 1 , 1 , 1 , 1 , 1 , 1 , 34415 , FMA_unq1 , FMA , 3700 , 33 , 30 , 33309 , 0 , 34415 , 0 , 34419 , 0 , 0 , 16.83 , 0 , 40 , 0.9 , 3733 , svt , 0.057345 , 16.83 , 48.3694 , 1.9763 , 0.053216353162 , 11.11 , 37.4310 , 2.2981 , 0.057345 , 16.83 , 48.3694 , 1.9763 , 0.057345 , 16.91 , 48.3874 , 1.9762 , 
5 , 0.785714285714286 , 6 , svt , 1.0 , ON , YES , 15 , 112 , NO , 1 , 1 , 1 , 1 , 1 , 1 , 1 , 1 , 41409 , FMA_unq1 , FMA , 8829 , 35 , 30 , 37342 , 0 , 41409 , 0 , 41406 , 0 , 0 , 5.68 , 0 , 6.92158546415285 , 0.9 , 8864 , svt , 0.076762 , 5.68 , 64.7533 , 3.3514 , 0.069216890217 , 4.25 , 46.7735 , 3.5515 , 0.076762 , 5.68 , 64.7533 , 3.3514 , 0.076762 , 5.69 , 64.8327 , 3.3566 , 
5 , 0.785714285714286 , 6 , svt , 1.0 , ON , YES , 15 , 112 , NO , 1 , 1 , 1 , 1 , 1 , 1 , 1 , 1 , 41375 , FMA_unq1 , FMA , 8781 , 35 , 30 , 37288 , 0 , 41375 , 0 , 41380 , 0 , 0 , 7.12 , 0 , 8.97160025048164 , 0.9 , 8816 , svt , 0.077228 , 7.12 , 64.9102 , 3.3372 , 0.070039090571 , 5.49 , 47.4722 , 3.6328 , 0.077228 , 7.12 , 64.9102 , 3.3372 , 0.077228 , 7.10 , 64.9440 , 3.3364 , 
0 , 0.0714285714285714 , 6 , svt , 0.8 , OFF , YES , 15 , 112 , NO , 1 , 0 , 0 , 0 , 0 , 1 , 1 , 0 , 68182 , FMA_unq1 , FMA , 36358 , 38 , 30 , 62797 , 0 , 68182 , 0 , 68180 , 0 , 0 , 4.32 , 0 , 1.6 , 0.9 , 36396 , svt , 0.136087 , 4.32 , 61.8202 , 4.3649 , 0.114207534818 , 3.19 , 47.9534 , 3.6532 , 0.136087 , 4.32 , 61.8202 , 4.3649 , 0.136087 , 4.35 , 61.6670 , 4.3668 , 
0 , 0.0714285714285714 , 6 , svt , 0.8 , OFF , YES , 15 , 112 , NO , 1 , 0 , 0 , 0 , 0 , 1 , 1 , 0 , 121694 , FMA_unq1 , FMA , 68244 , 70 , 30 , 113528 , 0 , 121694 , 0 , 129395 , 0 , 0 , 4.59 , 0 , 0.8 , 0.9 , 68314 , svt , 0.196645 , 4.59 , 82.5320 , 5.8316 , 0.157344040652 , 3.27 , 52.5454 , 4.4194 , 0.196645 , 4.59 , 82.5320 , 5.8316 , 0.204886 , 4.30 , 81.2494 , 5.9812 , 
0 , 0.0714285714285714 , 6 , svt , 0.8 , OFF , YES , 15 , 112 , NO , 1 , 0 , 0 , 0 , 0 , 1 , 1 , 0 , 122016 , FMA_unq1 , FMA , 56337 , 70 , 30 , 121378 , 0 , 122016 , 0 , 114448 , 0 , 0 , 4.68 , 0 , 0.4 , 0.9 , 56407 , svt , 0.162983 , 4.68 , 62.3535 , 4.4147 , 0.136963842257 , 3.31 , 45.4837 , 3.5414 , 0.162983 , 4.68 , 62.3535 , 4.4147 , 0.165008 , 4.27 , 67.7594 , 4.5635 , 
0 , 0.0714285714285714 , 6 , svt , 0.8 , OFF , YES , 15 , 112 , NO , 1 , 0 , 0 , 0 , 0 , 1 , 1 , 0 , 130890 , FMA_unq1 , FMA , 81249 , 67 , 30 , 126937 , 0 , 130890 , 0 , 116035 , 0 , 0 , 4.92 , 0 , 0.8 , 0.9 , 81316 , svt , 0.181234 , 4.92 , 67.7224 , 5.0134 , 0.150901911725 , 3.40 , 46.4067 , 3.8908 , 0.181234 , 4.92 , 67.7224 , 5.0134 , 0.185488 , 4.66 , 73.6935 , 5.4251 , 
0 , 0.0714285714285714 , 6 , svt , 0.8 , OFF , YES , 15 , 112 , NO , 1 , 0 , 0 , 0 , 0 , 1 , 1 , 0 , 99871 , FMA_unq1 , FMA , 56050 , 80 , 30 , 96651 , 0 , 99871 , 0 , 90071 , 0 , 0 , 5.39 , 0 , 0.8 , 0.9 , 56130 , svt , 0.134046 , 5.39 , 53.9491 , 3.6021 , 0.105254354096 , 3.93 , 37.0593 , 2.5664 , 0.134046 , 5.39 , 53.9491 , 3.6021 , 0.136295 , 5.01 , 58.7260 , 3.8198 , 
0 , 0.0714285714285714 , 6 , svt , 0.8 , OFF , YES , 15 , 112 , NO , 1 , 0 , 0 , 0 , 0 , 1 , 1 , 0 , 80010 , FMA_unq1 , FMA , 82428 , 80 , 30 , 71213 , 0 , 80010 , 0 , 69643 , 0 , 0 , 6.13 , 0 , 3.84 , 0.9 , 82508 , svt , 0.100489 , 6.13 , 46.0975 , 2.0873 , 0.081525025469 , 4.44 , 29.0300 , 1.8761 , 0.100489 , 6.13 , 46.0975 , 2.0873 , 0.092977 , 5.93 , 46.3891 , 1.9939 , 
0 , 0.0714285714285714 , 6 , svt , 0.8 , OFF , YES , 15 , 112 , NO , 1 , 0 , 0 , 0 , 0 , 1 , 1 , 0 , 108324 , FMA_unq1 , FMA , 47025 , 66 , 30 , 106912 , 0 , 108324 , 0 , 87928 , 0 , 0 , 7.41 , 0 , 0.1 , 0.9 , 47091 , svt , 0.142532 , 7.41 , 54.9083 , 3.7660 , 0.121745637143 , 5.54 , 40.7064 , 2.9506 , 0.142532 , 7.41 , 54.9083 , 3.7660 , 0.131153 , 7.07 , 58.0953 , 3.4882 , 
0 , 0.0714285714285714 , 6 , svt , 0.8 , OFF , YES , 15 , 112 , NO , 1 , 0 , 0 , 0 , 0 , 1 , 1 , 0 , 77900 , FMA_unq1 , FMA , 84932 , 75 , 30 , 76047 , 0 , 77900 , 0 , 80771 , 0 , 0 , 9.94 , 0 , 3.2 , 0.9 , 85007 , svt , 0.123533 , 9.94 , 58.1803 , 3.4073 , 0.105612269445 , 8.61 , 45.9373 , 2.8807 , 0.123533 , 9.94 , 58.1803 , 3.4073 , 0.127416 , 9.84 , 61.3556 , 3.5392 , 
0 , 0.0714285714285714 , 6 , svt , 0.8 , OFF , YES , 15 , 112 , NO , 1 , 0 , 0 , 0 , 0 , 1 , 1 , 0 , 69406 , FMA_unq1 , FMA , 121119 , 75 , 30 , 68970 , 0 , 69406 , 0 , 72124 , 0 , 0 , 10.40 , 0 , 7.03 , 0.9 , 121194 , svt , 0.103986 , 10.40 , 48.0332 , 2.4260 , 0.096329219076 , 8.71 , 42.5327 , 2.5627 , 0.103986 , 10.40 , 48.0332 , 2.4260 , 0.106128 , 10.58 , 49.8053 , 2.4889 , 
0 , 0.0714285714285714 , 6 , svt , 0.8 , OFF , YES , 15 , 112 , NO , 1 , 0 , 0 , 0 , 0 , 1 , 1 , 0 , 101904 , FMA_unq1 , FMA , 97543 , 72 , 30 , 102236 , 0 , 101904 , 0 , 102859 , 0 , 0 , 18.60 , 0 , 3.2 , 0.9 , 97615 , svt , 0.137226 , 18.60 , 62.6141 , 3.5294 , 0.124575799685 , 16.78 , 54.5071 , 3.2542 , 0.137226 , 18.60 , 62.6141 , 3.5294 , 0.135945 , 18.36 , 62.4419 , 3.4870 , 
0 , 0.0714285714285714 , 6 , svt , 0.8 , OFF , YES , 15 , 112 , NO , 1 , 0 , 0 , 0 , 0 , 1 , 1 , 0 , 93274 , FMA_unq1 , FMA , 135760 , 72 , 30 , 92561 , 0 , 93274 , 0 , 94268 , 0 , 0 , 19.04 , 0 , 13.03 , 0.9 , 135832 , svt , 0.127376 , 19.04 , 57.5354 , 2.8988 , 0.118496878582 , 16.89 , 54.0557 , 3.0363 , 0.127376 , 19.04 , 57.5354 , 2.8988 , 0.124973 , 19.41 , 58.5704 , 2.7926 , 
0 , 0.0714285714285714 , 6 , svt , 0.8 , OFF , YES , 15 , 112 , NO , 1 , 1 , 0 , 0 , 0 , 1 , 1 , 0 , 52088 , FMA_unq1 , FMA , 7770 , 70 , 30 , 51499 , 0 , 52088 , 0 , 39267 , 0 , 0 , 26.44 , 0 , 20 , 0.9 , 7840 , svt , 0.071086 , 26.44 , 33.1748 , 1.1960 , 0.066677965276 , 18.43 , 24.5194 , 1.5631 , 0.071086 , 26.44 , 33.1748 , 1.1960 , 0.063996 , 26.83 , 33.3954 , 1.1472 , 
0 , 0.0714285714285714 , 6 , svt , 0.8 , OFF , YES , 15 , 112 , NO , 1 , 0 , 0 , 0 , 0 , 1 , 1 , 0 , 68243 , FMA_unq1 , FMA , 9786 , 67 , 30 , 67069 , 0 , 68243 , 0 , 42390 , 0 , 0 , 28.21 , 0 , 20 , 0.9 , 9853 , svt , 0.079374 , 28.21 , 35.3578 , 1.1475 , 0.073885316498 , 21.09 , 24.3014 , 1.5558 , 0.079374 , 28.21 , 35.3578 , 1.1475 , 0.064743 , 28.35 , 33.2352 , 1.0417 , 
0 , 0.0714285714285714 , 6 , svt , 0.8 , OFF , YES , 15 , 112 , NO , 1 , 1 , 1 , 0 , 1 , 1 , 1 , 1 , 39674 , FMA_unq1 , FMA , 8066 , 71 , 30 , 39086 , 0 , 39674 , 0 , 39840 , 0 , 0 , 28.40 , 0 , 40 , 0.9 , 8137 , svt , 0.083618 , 28.40 , 39.9160 , 2.0740 , 0.078749192148 , 16.79 , 30.8963 , 2.2233 , 0.083618 , 28.40 , 39.9160 , 2.0740 , 0.08378 , 29.04 , 40.0928 , 2.0773 , 
0 , 0.0714285714285714 , 6 , svt , 0.8 , OFF , YES , 15 , 112 , NO , 1 , 0 , 0 , 0 , 0 , 1 , 1 , 0 , 68434 , FMA_unq1 , FMA , 10870 , 67 , 30 , 66939 , 0 , 68434 , 0 , 44533 , 0 , 0 , 28.52 , 0 , 20 , 0.9 , 10937 , svt , 0.079587 , 28.52 , 34.7303 , 1.1564 , 0.073739080901 , 22.94 , 25.2977 , 1.5610 , 0.079587 , 28.52 , 34.7303 , 1.1564 , 0.066128 , 28.56 , 34.6281 , 1.0707 , 
0 , 0.0714285714285714 , 6 , svt , 0.8 , OFF , YES , 15 , 112 , NO , 1 , 1 , 1 , 0 , 1 , 1 , 1 , 1 , 35031 , FMA_unq1 , FMA , 7403 , 73 , 30 , 34644 , 0 , 35031 , 0 , 34889 , 0 , 0 , 28.97 , 0 , 40 , 0.9 , 7476 , svt , 0.067458 , 28.97 , 34.3222 , 1.4126 , 0.063393220263 , 16.54 , 26.7659 , 1.7353 , 0.067458 , 28.97 , 34.3222 , 1.4126 , 0.067412 , 29.35 , 34.9321 , 1.4189 , 
0 , 0.0714285714285714 , 6 , svt , 0.8 , OFF , YES , 15 , 112 , NO , 1 , 1 , 1 , 0 , 1 , 1 , 1 , 1 , 67128 , FMA_unq1 , FMA , 60994 , 66 , 30 , 66598 , 0 , 67128 , 0 , 41961 , 0 , 0 , 38.14 , 0 , 42.4 , 0.9 , 61060 , svt , 0.077491 , 38.14 , 33.3831 , 1.1007 , 0.072663393697 , 25.67 , 24.5944 , 1.4697 , 0.077491 , 38.14 , 33.3831 , 1.1007 , 0.063334 , 40.54 , 34.9849 , 1.0140 , 
1 , 0.214285714285714 , 6 , svt , 0.8 , ON , YES , 15 , 112 , NO , 1 , 0 , 0 , 0 , 0 , 1 , 1 , 0 , 63639 , FMA_unq1 , FMA , 46364 , 36 , 30 , 57409 , 0 , 63639 , 0 , 63638 , 0 , 0 , 6.56 , 0 , 0.4 , 0.9 , 46400 , svt , 0.119965 , 6.56 , 64.8324 , 3.8101 , 0.10107384921 , 4.66 , 42.7094 , 3.1919 , 0.119965 , 6.56 , 64.8324 , 3.8101 , 0.119965 , 6.56 , 64.9752 , 3.8077 , 
1 , 0.214285714285714 , 6 , svt , 0.8 , ON , YES , 15 , 112 , NO , 1 , 0 , 0 , 0 , 0 , 1 , 1 , 0 , 72962 , FMA_unq1 , FMA , 69596 , 36 , 30 , 45148 , 0 , 72962 , 0 , 72982 , 0 , 0 , 7.59 , 0 , 4.67 , 0.9 , 69632 , svt , 0.10884 , 7.59 , 56.7188 , 2.8346 , 0.0770912099 , 5.36 , 33.0357 , 2.2053 , 0.10884 , 7.59 , 56.7188 , 2.8346 , 0.10884 , 7.56 , 56.9489 , 2.8381 , 
1 , 0.214285714285714 , 6 , svt , 0.8 , ON , YES , 15 , 112 , NO , 1 , 0 , 0 , 0 , 0 , 1 , 1 , 0 , 41375 , FMA_unq1 , FMA , 8781 , 35 , 30 , 37288 , 0 , 41375 , 0 , 41380 , 0 , 0 , 13.18 , 0 , 8.97160025048164 , 0.9 , 8816 , svt , 0.077228 , 13.18 , 41.6679 , 1.8182 , 0.070039090571 , 10.30 , 30.5977 , 1.9777 , 0.077228 , 13.18 , 41.6679 , 1.8182 , 0.077228 , 13.14 , 41.6893 , 1.8180 , 
1 , 0.214285714285714 , 6 , svt , 0.8 , ON , YES , 15 , 112 , NO , 1 , 0 , 0 , 0 , 0 , 1 , 1 , 0 , 30624 , FMA_unq1 , FMA , 14287 , 36 , 30 , 29944 , 0 , 30624 , 0 , 30629 , 0 , 0 , 59.94 , 0 , 42.5457208684157 , 0.9 , 14323 , svt , 0.061439 , 59.94 , 33.8355 , 1.2769 , 0.05724903389 , 48.63 , 24.8124 , 1.4659 , 0.061439 , 59.94 , 33.8355 , 1.2769 , 0.061439 , 59.87 , 33.8313 , 1.2775 , 
1 , 0.214285714285714 , 6 , svt , 0.8 , ON , YES , 15 , 112 , NO , 1 , 1 , 0 , 0 , 0 , 1 , 1 , 0 , 29000 , FMA_unq1 , FMA , 11403 , 35 , 30 , 27651 , 0 , 29000 , 0 , 28997 , 0 , 0 , 101.66 , 0 , 80 , 0.9 , 11438 , svt , 0.058052 , 101.66 , 31.1911 , 1.1385 , 0.053972932638 , 76.78 , 23.4887 , 1.2506 , 0.058052 , 101.66 , 31.1911 , 1.1385 , 0.058052 , 101.69 , 31.2136 , 1.1381 , 
2 , 0.357142857142857 , 6 , svt , 0.9 , OFF , YES , 15 , 112 , NO , 1 , 0 , 0 , 0 , 0 , 1 , 1 , 0 , 68182 , FMA_unq1 , FMA , 36358 , 38 , 30 , 62797 , 0 , 68182 , 0 , 68180 , 0 , 0 , 3.09 , 1 , 1.6 , 0.9 , 36396 , svt , 0.136087 , 3.09 , 77.9441 , 5.9786 , 0.114207534818 , 2.24 , 60.3658 , 5.0022 , 0.136087 , 3.09 , 77.9441 , 5.9786 , 0.136087 , 3.10 , 77.7507 , 5.9812 , 
2 , 0.357142857142857 , 6 , svt , 0.9 , OFF , YES , 15 , 112 , NO , 1 , 0 , 0 , 0 , 0 , 1 , 1 , 0 , 121694 , FMA_unq1 , FMA , 68244 , 70 , 30 , 113528 , 0 , 121694 , 0 , 129395 , 0 , 0 , 3.27 , 1 , 0.8 , 0.9 , 68314 , svt , 0.196645 , 3.27 , 104.1198 , 7.9825 , 0.157344040652 , 2.29 , 66.2042 , 6.0491 , 0.196645 , 3.27 , 104.1198 , 7.9825 , 0.204886 , 3.06 , 102.4472 , 8.1845 , 
2 , 0.357142857142857 , 6 , svt , 0.9 , OFF , YES , 15 , 112 , NO , 1 , 0 , 0 , 0 , 0 , 1 , 1 , 0 , 122016 , FMA_unq1 , FMA , 56337 , 70 , 30 , 121378 , 0 , 122016 , 0 , 114448 , 0 , 0 , 3.40 , 1 , 0.4 , 0.9 , 56407 , svt , 0.162983 , 3.40 , 78.6561 , 6.0446 , 0.136963842257 , 2.32 , 57.2970 , 4.8444 , 0.162983 , 3.40 , 78.6561 , 6.0446 , 0.165008 , 3.05 , 85.4497 , 6.2472 , 
2 , 0.357142857142857 , 6 , svt , 0.9 , OFF , YES , 15 , 112 , NO , 1 , 0 , 0 , 0 , 0 , 1 , 1 , 0 , 130890 , FMA_unq1 , FMA , 81249 , 67 , 30 , 126937 , 0 , 130890 , 0 , 116035 , 0 , 0 , 3.51 , 1 , 0.8 , 0.9 , 81316 , svt , 0.181234 , 3.51 , 85.4530 , 6.8668 , 0.150901911725 , 2.38 , 58.4579 , 5.3241 , 0.181234 , 3.51 , 85.4530 , 6.8668 , 0.185488 , 3.34 , 92.9693 , 7.4329 , 
2 , 0.357142857142857 , 6 , svt , 0.9 , OFF , YES , 15 , 112 , NO , 1 , 0 , 0 , 0 , 0 , 1 , 1 , 0 , 99871 , FMA_unq1 , FMA , 56050 , 80 , 30 , 96651 , 0 , 99871 , 0 , 90071 , 0 , 0 , 3.83 , 1 , 0.8 , 0.9 , 56130 , svt , 0.134046 , 3.83 , 68.0730 , 4.9295 , 0.105254354096 , 2.75 , 46.6862 , 3.5070 , 0.134046 , 3.83 , 68.0730 , 4.9295 , 0.136295 , 3.57 , 74.0803 , 5.2271 , 
2 , 0.357142857142857 , 6 , svt , 0.9 , OFF , YES , 15 , 112 , NO , 1 , 0 , 0 , 0 , 0 , 1 , 1 , 0 , 108324 , FMA_unq1 , FMA , 47025 , 66 , 30 , 106912 , 0 , 108324 , 0 , 87928 , 0 , 0 , 5.29 , 1 , 0.1 , 0.9 , 47091 , svt , 0.142532 , 5.29 , 69.2911 , 5.1538 , 0.121745637143 , 3.87 , 51.2808 , 4.0349 , 0.142532 , 5.29 , 69.2911 , 5.1538 , 0.131153 , 5.02 , 73.2854 , 4.7722 , 
2 , 0.357142857142857 , 6 , svt , 0.9 , OFF , YES , 15 , 112 , NO , 1 , 0 , 0 , 0 , 0 , 1 , 1 , 0 , 77900 , FMA_unq1 , FMA , 84932 , 75 , 30 , 76047 , 0 , 77900 , 0 , 80771 , 0 , 0 , 7.02 , 1 , 3.2 , 0.9 , 85007 , svt , 0.123533 , 7.02 , 73.4000 , 4.6585 , 0.105612269445 , 5.97 , 57.8793 , 3.9360 , 0.123533 , 7.02 , 73.4000 , 4.6585 , 0.127416 , 6.93 , 77.3953 , 4.8382 , 
2 , 0.357142857142857 , 6 , svt , 0.9 , OFF , YES , 15 , 112 , NO , 1 , 1 , 0 , 0 , 0 , 1 , 1 , 0 , 69406 , FMA_unq1 , FMA , 121119 , 75 , 30 , 68970 , 0 , 69406 , 0 , 72124 , 0 , 0 , 7.31 , 1 , 7.03 , 0.9 , 121194 , svt , 0.103986 , 7.31 , 60.6280 , 3.3136 , 0.096329219076 , 6.05 , 53.5968 , 3.5015 , 0.103986 , 7.31 , 60.6280 , 3.3136 , 0.106128 , 7.37 , 62.8573 , 3.3999 , 
2 , 0.357142857142857 , 6 , svt , 0.9 , OFF , YES , 15 , 112 , NO , 1 , 0 , 0 , 0 , 0 , 1 , 1 , 0 , 101904 , FMA_unq1 , FMA , 97543 , 72 , 30 , 102236 , 0 , 101904 , 0 , 102859 , 0 , 0 , 13.02 , 1 , 3.2 , 0.9 , 97615 , svt , 0.137226 , 13.02 , 78.9469 , 4.8197 , 0.124575799685 , 11.66 , 68.6656 , 4.4462 , 0.137226 , 13.02 , 78.9469 , 4.8197 , 0.135945 , 12.85 , 78.7265 , 4.7617 , 
2 , 0.357142857142857 , 6 , svt , 0.9 , OFF , YES , 15 , 112 , NO , 1 , 1 , 0 , 0 , 0 , 1 , 1 , 0 , 93274 , FMA_unq1 , FMA , 135760 , 72 , 30 , 92561 , 0 , 93274 , 0 , 94268 , 0 , 0 , 13.30 , 1 , 13.03 , 0.9 , 135832 , svt , 0.127376 , 13.30 , 72.5459 , 3.9580 , 0.118496878582 , 11.73 , 68.0966 , 4.1487 , 0.127376 , 13.30 , 72.5459 , 3.9580 , 0.124973 , 13.59 , 73.8547 , 3.8126 , 
2 , 0.357142857142857 , 6 , svt , 0.9 , OFF , YES , 15 , 112 , NO , 1 , 1 , 1 , 0 , 1 , 1 , 1 , 1 , 52088 , FMA_unq1 , FMA , 7770 , 70 , 30 , 51499 , 0 , 52088 , 0 , 39267 , 0 , 0 , 18.35 , 1 , 20 , 0.9 , 7840 , svt , 0.071086 , 18.35 , 41.8629 , 1.6288 , 0.066677965276 , 13.03 , 30.8458 , 2.1332 , 0.071086 , 18.35 , 41.8629 , 1.6288 , 0.063996 , 18.60 , 42.1370 , 1.5628 , 
2 , 0.357142857142857 , 6 , svt , 0.9 , OFF , YES , 15 , 112 , NO , 1 , 1 , 1 , 0 , 1 , 1 , 1 , 1 , 39674 , FMA_unq1 , FMA , 8066 , 71 , 30 , 39086 , 0 , 39674 , 0 , 39840 , 0 , 0 , 19.73 , 1 , 40 , 0.9 , 8137 , svt , 0.083618 , 19.73 , 50.2674 , 2.8312 , 0.078749192148 , 11.76 , 38.8497 , 3.0368 , 0.083618 , 19.73 , 50.2674 , 2.8312 , 0.08378 , 20.19 , 50.4900 , 2.8358 , 
2 , 0.357142857142857 , 6 , svt , 0.9 , OFF , YES , 15 , 112 , NO , 1 , 1 , 1 , 0 , 1 , 1 , 1 , 1 , 68243 , FMA_unq1 , FMA , 9786 , 67 , 30 , 67069 , 0 , 68243 , 0 , 42390 , 0 , 0 , 19.85 , 1 , 20 , 0.9 , 9853 , svt , 0.079374 , 19.85 , 44.6793 , 1.5640 , 0.073885316498 , 14.71 , 30.6778 , 2.1284 , 0.079374 , 19.85 , 44.6793 , 1.5640 , 0.064743 , 19.91 , 41.9519 , 1.4208 , 
2 , 0.357142857142857 , 6 , svt , 0.9 , OFF , YES , 15 , 112 , NO , 1 , 1 , 1 , 0 , 0 , 1 , 1 , 1 , 68434 , FMA_unq1 , FMA , 10870 , 67 , 30 , 66939 , 0 , 68434 , 0 , 44533 , 0 , 0 , 19.97 , 1 , 20 , 0.9 , 10937 , svt , 0.079587 , 19.97 , 43.8623 , 1.5762 , 0.073739080901 , 16.00 , 31.9238 , 2.1354 , 0.079587 , 19.97 , 43.8623 , 1.5762 , 0.066128 , 20.00 , 43.7058 , 1.4607 , 
2 , 0.357142857142857 , 6 , svt , 0.9 , OFF , YES , 15 , 112 , NO , 1 , 1 , 1 , 0 , 1 , 1 , 1 , 1 , 35031 , FMA_unq1 , FMA , 7403 , 73 , 30 , 34644 , 0 , 35031 , 0 , 34889 , 0 , 0 , 20.12 , 1 , 40 , 0.9 , 7476 , svt , 0.067458 , 20.12 , 43.2752 , 1.9253 , 0.063393220263 , 11.59 , 33.6599 , 2.3688 , 0.067458 , 20.12 , 43.2752 , 1.9253 , 0.067412 , 20.36 , 44.0510 , 1.9341 , 
2 , 0.357142857142857 , 6 , svt , 0.9 , OFF , YES , 15 , 112 , NO , 1 , 1 , 1 , 0 , 1 , 1 , 1 , 1 , 67128 , FMA_unq1 , FMA , 60994 , 66 , 30 , 66598 , 0 , 67128 , 0 , 41961 , 0 , 0 , 26.66 , 1 , 42.4 , 0.9 , 61060 , svt , 0.077491 , 26.66 , 42.1547 , 1.4999 , 0.072663393697 , 17.96 , 30.9925 , 2.0099 , 0.077491 , 26.66 , 42.1547 , 1.4999 , 0.063334 , 28.33 , 44.1623 , 1.3828 , 
3 , 0.5 , 6 , svt , 0.9 , ON , YES , 15 , 112 , NO , 1 , 0 , 0 , 0 , 0 , 1 , 1 , 0 , 63639 , FMA_unq1 , FMA , 46364 , 36 , 30 , 57409 , 0 , 63639 , 0 , 63638 , 0 , 0 , 4.66 , 1 , 0.4 , 0.9 , 46400 , svt , 0.119965 , 4.66 , 81.7531 , 5.2174 , 0.10107384921 , 3.27 , 53.7594 , 4.3686 , 0.119965 , 4.66 , 81.7531 , 5.2174 , 0.119965 , 4.66 , 81.9328 , 5.2138 , 
3 , 0.5 , 6 , svt , 0.9 , ON , YES , 15 , 112 , NO , 1 , 1 , 0 , 0 , 0 , 1 , 1 , 0 , 72962 , FMA_unq1 , FMA , 69596 , 36 , 30 , 45148 , 0 , 72962 , 0 , 72982 , 0 , 0 , 5.34 , 1 , 4.67 , 0.9 , 69632 , svt , 0.10884 , 5.34 , 71.5255 , 3.8741 , 0.0770912099 , 3.74 , 41.5351 , 3.0136 , 0.10884 , 5.34 , 71.5255 , 3.8741 , 0.10884 , 5.33 , 71.8153 , 3.8789 , 
3 , 0.5 , 6 , svt , 0.9 , ON , YES , 15 , 112 , NO , 1 , 1 , 0 , 0 , 0 , 1 , 1 , 0 , 41375 , FMA_unq1 , FMA , 8781 , 35 , 30 , 37288 , 0 , 41375 , 0 , 41380 , 0 , 0 , 9.24 , 1 , 8.97160025048164 , 0.9 , 8816 , svt , 0.077228 , 9.24 , 52.5278 , 2.4818 , 0.070039090571 , 7.18 , 38.4722 , 2.7006 , 0.077228 , 9.24 , 52.5278 , 2.4818 , 0.077228 , 9.20 , 52.5549 , 2.4813 , 
3 , 0.5 , 6 , svt , 0.9 , ON , YES , 15 , 112 , NO , 1 , 1 , 1 , 0 , 1 , 1 , 1 , 1 , 30624 , FMA_unq1 , FMA , 14287 , 36 , 30 , 29944 , 0 , 30624 , 0 , 30629 , 0 , 0 , 42.16 , 1 , 42.5457208684157 , 0.9 , 14323 , svt , 0.061439 , 42.16 , 42.6419 , 1.7436 , 0.05724903389 , 34.04 , 31.2226 , 2.0033 , 0.061439 , 42.16 , 42.6419 , 1.7436 , 0.061439 , 42.19 , 42.6364 , 1.7444 , 
3 , 0.5 , 6 , svt , 0.9 , ON , YES , 15 , 112 , NO , 1 , 1 , 1 , 0 , 1 , 1 , 1 , 1 , 29000 , FMA_unq1 , FMA , 11403 , 35 , 30 , 27651 , 0 , 29000 , 0 , 28997 , 0 , 0 , 71.48 , 1 , 80 , 0.9 , 11438 , svt , 0.058052 , 71.48 , 39.3244 , 1.5552 , 0.053972932638 , 54.00 , 29.5742 , 1.7104 , 0.058052 , 71.48 , 39.3244 , 1.5552 , 0.058052 , 71.51 , 39.3530 , 1.5546 , 
4 , 0.642857142857143 , 6 , svt , 1.0 , OFF , YES , 15 , 112 , NO , 1 , 0 , 0 , 0 , 0 , 1 , 1 , 0 , 121694 , FMA_unq1 , FMA , 68244 , 70 , 30 , 113528 , 0 , 121694 , 0 , 129395 , 0 , 0 , 2.60 , 0 , 0.8 , 0.9 , 68314 , svt , 0.196645 , 2.60 , 128.7338 , 10.7629 , 0.157344040652 , 1.78 , 81.8078 , 8.1577 , 0.196645 , 2.60 , 128.7338 , 10.7629 , 0.204886 , 2.42 , 126.6071 , 11.0317 , 
4 , 0.642857142857143 , 6 , svt , 1.0 , OFF , YES , 15 , 112 , NO , 1 , 0 , 0 , 0 , 0 , 1 , 1 , 0 , 122016 , FMA_unq1 , FMA , 56337 , 70 , 30 , 121378 , 0 , 122016 , 0 , 114448 , 0 , 0 , 2.72 , 0 , 0.4 , 0.9 , 56407 , svt , 0.162983 , 2.72 , 97.2547 , 8.1521 , 0.136963842257 , 1.81 , 70.7845 , 6.5285 , 0.162983 , 2.72 , 97.2547 , 8.1521 , 0.165008 , 2.42 , 105.6058 , 8.4245 , 
4 , 0.642857142857143 , 6 , svt , 1.0 , OFF , YES , 15 , 112 , NO , 1 , 0 , 0 , 0 , 0 , 1 , 1 , 0 , 130890 , FMA_unq1 , FMA , 81249 , 67 , 30 , 126937 , 0 , 130890 , 0 , 116035 , 0 , 0 , 2.77 , 0 , 0.8 , 0.9 , 81316 , svt , 0.181234 , 2.77 , 105.6691 , 9.2645 , 0.150901911725 , 1.85 , 72.2196 , 7.1781 , 0.181234 , 2.77 , 105.6691 , 9.2645 , 0.185488 , 2.64 , 114.9388 , 10.0317 , 
4 , 0.642857142857143 , 6 , svt , 1.0 , OFF , YES , 15 , 112 , NO , 1 , 0 , 0 , 0 , 0 , 1 , 1 , 0 , 99871 , FMA_unq1 , FMA , 56050 , 80 , 30 , 96651 , 0 , 99871 , 0 , 90071 , 0 , 0 , 3.01 , 0 , 0.8 , 0.9 , 56130 , svt , 0.134046 , 3.01 , 84.1787 , 6.6453 , 0.105254354096 , 2.13 , 57.6724 , 4.7218 , 0.134046 , 3.01 , 84.1787 , 6.6453 , 0.136295 , 2.80 , 91.5827 , 7.0461 , 
4 , 0.642857142857143 , 6 , svt , 1.0 , OFF , YES , 15 , 112 , NO , 1 , 0 , 0 , 0 , 0 , 1 , 1 , 0 , 108324 , FMA_unq1 , FMA , 47025 , 66 , 30 , 106912 , 0 , 108324 , 0 , 87928 , 0 , 0 , 4.13 , 0 , 0.1 , 0.9 , 47091 , svt , 0.142532 , 4.13 , 85.7152 , 6.9476 , 0.121745637143 , 2.98 , 63.3616 , 5.4367 , 0.142532 , 4.13 , 85.7152 , 6.9476 , 0.131153 , 3.92 , 90.5920 , 6.4315 , 
4 , 0.642857142857143 , 6 , svt , 1.0 , OFF , YES , 15 , 112 , NO , 1 , 0 , 0 , 0 , 0 , 1 , 1 , 0 , 77900 , FMA_unq1 , FMA , 84932 , 75 , 30 , 76047 , 0 , 77900 , 0 , 80771 , 0 , 0 , 5.43 , 0 , 3.2 , 0.9 , 85007 , svt , 0.123533 , 5.43 , 90.7950 , 6.2742 , 0.105612269445 , 4.59 , 71.5323 , 5.2986 , 0.123533 , 5.43 , 90.7950 , 6.2742 , 0.127416 , 5.36 , 95.7130 , 6.5154 , 
4 , 0.642857142857143 , 6 , svt , 1.0 , OFF , YES , 15 , 112 , NO , 1 , 1 , 1 , 0 , 1 , 1 , 1 , 1 , 69406 , FMA_unq1 , FMA , 121119 , 75 , 30 , 68970 , 0 , 69406 , 0 , 72124 , 0 , 0 , 5.63 , 0 , 7.03 , 0.9 , 121194 , svt , 0.103986 , 5.63 , 75.0422 , 4.4590 , 0.096329219076 , 4.64 , 66.2515 , 4.7137 , 0.103986 , 5.63 , 75.0422 , 4.4590 , 0.106128 , 5.70 , 77.7853 , 4.5758 , 
4 , 0.642857142857143 , 6 , svt , 1.0 , OFF , YES , 15 , 112 , NO , 1 , 0 , 0 , 0 , 0 , 1 , 1 , 0 , 101904 , FMA_unq1 , FMA , 97543 , 72 , 30 , 102236 , 0 , 101904 , 0 , 102859 , 0 , 0 , 9.99 , 0 , 3.2 , 0.9 , 97615 , svt , 0.137226 , 9.99 , 97.5414 , 6.4839 , 0.124575799685 , 8.90 , 84.8179 , 5.9848 , 0.137226 , 9.99 , 97.5414 , 6.4839 , 0.135945 , 9.86 , 97.2557 , 6.4055 , 
4 , 0.642857142857143 , 6 , svt , 1.0 , OFF , YES , 15 , 112 , NO , 1 , 1 , 1 , 0 , 1 , 1 , 1 , 1 , 93274 , FMA_unq1 , FMA , 135760 , 72 , 30 , 92561 , 0 , 93274 , 0 , 94268 , 0 , 0 , 10.19 , 0 , 13.03 , 0.9 , 135832 , svt , 0.127376 , 10.19 , 89.6460 , 5.3243 , 0.118496878582 , 8.96 , 84.1448 , 5.5849 , 0.127376 , 10.19 , 89.6460 , 5.3243 , 0.124973 , 10.42 , 91.2598 , 5.1284 , 
4 , 0.642857142857143 , 6 , svt , 1.0 , OFF , YES , 15 , 112 , NO , 1 , 1 , 1 , 0 , 1 , 1 , 1 , 1 , 52088 , FMA_unq1 , FMA , 7770 , 70 , 30 , 51499 , 0 , 52088 , 0 , 39267 , 0 , 0 , 13.93 , 0 , 20 , 0.9 , 7840 , svt , 0.071086 , 13.93 , 51.7835 , 2.1861 , 0.066677965276 , 10.04 , 38.0863 , 2.8684 , 0.071086 , 13.93 , 51.7835 , 2.1861 , 0.063996 , 14.12 , 52.1068 , 2.0980 , 
4 , 0.642857142857143 , 6 , svt , 1.0 , OFF , YES , 15 , 112 , NO , 1 , 1 , 1 , 0 , 1 , 1 , 1 , 1 , 39674 , FMA_unq1 , FMA , 8066 , 71 , 30 , 39086 , 0 , 39674 , 0 , 39840 , 0 , 0 , 14.96 , 0 , 40 , 0.9 , 8137 , svt , 0.083618 , 14.96 , 62.0621 , 3.8073 , 0.078749192148 , 8.98 , 47.9798 , 4.0860 , 0.083618 , 14.96 , 62.0621 , 3.8073 , 0.08378 , 15.33 , 62.3353 , 3.8134 , 
4 , 0.642857142857143 , 6 , svt , 1.0 , OFF , YES , 15 , 112 , NO , 1 , 1 , 1 , 0 , 1 , 1 , 1 , 1 , 68243 , FMA_unq1 , FMA , 9786 , 67 , 30 , 67069 , 0 , 68243 , 0 , 42390 , 0 , 0 , 15.26 , 0 , 20 , 0.9 , 9853 , svt , 0.079374 , 15.26 , 55.3452 , 2.1010 , 0.073885316498 , 11.21 , 38.0783 , 2.8686 , 0.079374 , 15.26 , 55.3452 , 2.1010 , 0.064743 , 15.27 , 51.8758 , 1.9099 , 
4 , 0.642857142857143 , 6 , svt , 1.0 , OFF , YES , 15 , 112 , NO , 1 , 1 , 1 , 0 , 1 , 1 , 1 , 1 , 35031 , FMA_unq1 , FMA , 7403 , 73 , 30 , 34644 , 0 , 35031 , 0 , 34889 , 0 , 0 , 15.28 , 0 , 40 , 0.9 , 7476 , svt , 0.067458 , 15.28 , 53.5044 , 2.5856 , 0.063393220263 , 8.86 , 41.5500 , 3.1856 , 0.067458 , 15.28 , 53.5044 , 2.5856 , 0.067412 , 15.46 , 54.4699 , 2.5975 , 
4 , 0.642857142857143 , 6 , svt , 1.0 , OFF , YES , 15 , 112 , NO , 1 , 1 , 1 , 0 , 1 , 1 , 1 , 1 , 68434 , FMA_unq1 , FMA , 10870 , 67 , 30 , 66939 , 0 , 68434 , 0 , 44533 , 0 , 0 , 15.34 , 0 , 20 , 0.9 , 10937 , svt , 0.079587 , 15.34 , 54.3107 , 2.1175 , 0.073739080901 , 12.20 , 39.6065 , 2.8781 , 0.079587 , 15.34 , 54.3107 , 2.1175 , 0.066128 , 15.33 , 54.0461 , 1.9641 , 
4 , 0.642857142857143 , 6 , svt , 1.0 , OFF , YES , 15 , 112 , NO , 1 , 1 , 1 , 0 , 1 , 1 , 1 , 1 , 67128 , FMA_unq1 , FMA , 60994 , 66 , 30 , 66598 , 0 , 67128 , 0 , 41961 , 0 , 0 , 20.36 , 0 , 42.4 , 0.9 , 61060 , svt , 0.077491 , 20.36 , 52.1872 , 2.0146 , 0.072663393697 , 13.77 , 38.3621 , 2.7081 , 0.077491 , 20.36 , 52.1872 , 2.0146 , 0.063334 , 21.64 , 54.6107 , 1.8587 , 
5 , 0.785714285714286 , 6 , svt , 1.0 , ON , YES , 15 , 112 , NO , 1 , 0 , 0 , 0 , 0 , 1 , 1 , 0 , 63639 , FMA_unq1 , FMA , 46364 , 36 , 30 , 57409 , 0 , 63639 , 0 , 63638 , 0 , 0 , 3.65 , 0 , 0.4 , 0.9 , 46400 , svt , 0.119965 , 3.65 , 101.0725 , 7.0364 , 0.10107384921 , 2.54 , 66.4061 , 5.8895 , 0.119965 , 3.65 , 101.0725 , 7.0364 , 0.119965 , 3.65 , 101.2943 , 7.0313 , 
5 , 0.785714285714286 , 6 , svt , 1.0 , ON , YES , 15 , 112 , NO , 1 , 1 , 1 , 0 , 1 , 1 , 1 , 1 , 72962 , FMA_unq1 , FMA , 69596 , 36 , 30 , 45148 , 0 , 72962 , 0 , 72982 , 0 , 0 , 4.17 , 0 , 4.67 , 0.9 , 69632 , svt , 0.10884 , 4.17 , 88.3802 , 5.2157 , 0.0770912099 , 2.89 , 51.2376 , 4.0567 , 0.10884 , 4.17 , 88.3802 , 5.2157 , 0.10884 , 4.17 , 88.7371 , 5.2223 , 
5 , 0.785714285714286 , 6 , svt , 1.0 , ON , YES , 15 , 112 , NO , 1 , 1 , 1 , 0 , 1 , 1 , 1 , 1 , 30624 , FMA_unq1 , FMA , 14287 , 36 , 30 , 29944 , 0 , 30624 , 0 , 30629 , 0 , 0 , 32.50 , 0 , 42.5457208684157 , 0.9 , 14323 , svt , 0.061439 , 32.50 , 52.7210 , 2.3454 , 0.05724903389 , 26.05 , 38.6371 , 2.6970 , 0.061439 , 32.50 , 52.7210 , 2.3454 , 0.061439 , 32.53 , 52.7139 , 2.3465 , 
5 , 0.785714285714286 , 6 , svt , 1.0 , ON , YES , 15 , 112 , NO , 1 , 1 , 1 , 0 , 1 , 1 , 1 , 1 , 29000 , FMA_unq1 , FMA , 11403 , 35 , 30 , 27651 , 0 , 29000 , 0 , 28997 , 0 , 0 , 54.88 , 0 , 80 , 0.9 , 11438 , svt , 0.058052 , 54.88 , 48.6518 , 2.0929 , 0.053972932638 , 41.42 , 36.6254 , 2.3047 , 0.058052 , 54.88 , 48.6518 , 2.0929 , 0.058052 , 54.90 , 48.6876 , 2.0921 , 
