TOP.DesignIndex,TOP.Color,TOP.DesignCount,TOP.top_FPMult.FPMult.EnableDenormals,TOP.top_FPMult.FPMult.ExponentWidth,TOP.top_FPMult.FPMult.FractionWidth,TOP.top_FPMult.FPMult.Mult.Designware_MODE,TOP.top_FPMult.FPMult.Mult.MultP.Designware_MODE,TOP.top_FPMult.FPMult.Mult.PartialProductSum.AdderType,STAT_Comp_Good,STAT_Mapped_Timing_Good,STAT_Optimized_Timing_Good,STAT_Pareto,STAT_Routed_Timing_Good,STAT_Run_Good,STAT_Synthesis_Good,STAT_Timing_Good,INFO_Comb_Cell_Count,INFO_DESIGN,INFO_DESIGN_NAME,INFO_EvalTime,INFO_GenTime,INFO_IO2CORE,INFO_Mapped_Comb_Cell_Count,INFO_Mapped_Seq_Cell_Count,INFO_Optimized_Comb_Cell_Count,INFO_Optimized_Seq_Cell_Count,INFO_Routed_Comb_Cell_Count,INFO_Routed_Seq_Cell_Count,INFO_Seq_Cell_Count,INFO_Suggest_Delay,INFO_TARGET,INFO_TARGET_DELAY,INFO_TARGET_VOLTAGE,INFO_TotalRunTime,INFO_VT,COST_Area,COST_Delay,COST_Dyn_Energy,COST_Leak_Power,COST_Mapped_Area,COST_Mapped_Delay,COST_Mapped_Dyn_Energy,COST_Mapped_Leak_Power,COST_Optimized_Area,COST_Optimized_Delay,COST_Optimized_Dyn_Energy,COST_Optimized_Leak_Power,COST_Routed_Area,COST_Routed_Delay,COST_Routed_Dyn_Energy,COST_Routed_Leak_Power,
0 , 0.125 , 3 , YES , 5 , 10 , OFF , OFF , DesignWare , 1 , 1 , 1 , 1 , 1 , 1 , 1 , 1 , 2014 , FPMult_unq1 , FPMult , 1642 , 35 , 30 , 1929 , 0 , 2014 , 0 , 1952 , 0 , 0 , 0.91 , 0 , 1.16 , 0.9 , 1677 , svt , 0.00259 , 0.91 , 0.9185147 , 0.1068027 , 0.002630653246 , 0.72 , 0.9375396 , 0.129128 , 0.00259 , 0.91 , 0.9185147 , 0.1068027 , 0.002468 , 0.92 , 0.8824229 , 0.1022033 , 
0 , 0.125 , 3 , YES , 5 , 10 , OFF , OFF , DesignWare , 1 , 1 , 1 , 1 , 1 , 1 , 1 , 1 , 1935 , FPMult_unq1 , FPMult , 683 , 33 , 30 , 1919 , 0 , 1935 , 0 , 1815 , 0 , 0 , 1.07 , 0 , 1.3743124584059 , 0.9 , 716 , svt , 0.002124 , 1.07 , 0.7424916 , 0.0723073 , 0.002484946839 , 0.85 , 0.8573676 , 0.1196683 , 0.002124 , 1.07 , 0.7424916 , 0.0723073 , 0.002043 , 1.08 , 0.7225984 , 0.0720729 , 
0 , 0.125 , 3 , YES , 5 , 10 , OFF , OFF , DesignWare , 1 , 1 , 1 , 1 , 1 , 1 , 1 , 1 , 1503 , FPMult_unq1 , FPMult , 522 , 33 , 30 , 1490 , 0 , 1503 , 0 , 1513 , 0 , 0 , 1.12 , 0 , 1.43217914610556 , 0.9 , 555 , svt , 0.001842 , 1.12 , 0.7725762 , 0.0687002 , 0.001943222435 , 0.88 , 0.7410762 , 0.0915851 , 0.001842 , 1.12 , 0.7725762 , 0.0687002 , 0.001892 , 1.12 , 0.8066694 , 0.0723472 , 
0 , 0.125 , 3 , YES , 5 , 10 , OFF , OFF , DesignWare , 1 , 1 , 1 , 1 , 1 , 1 , 1 , 1 , 1403 , FPMult_unq1 , FPMult , 466 , 35 , 30 , 1288 , 0 , 1403 , 0 , 1336 , 0 , 0 , 1.24 , 0 , 1.59002876475942 , 0.9 , 501 , svt , 0.001711 , 1.24 , 0.6992614 , 0.0589901 , 0.001588658432 , 0.98 , 0.573973 , 0.0685361 , 0.001711 , 1.24 , 0.6992614 , 0.0589901 , 0.001678 , 1.25 , 0.6910344 , 0.0591675 , 
0 , 0.125 , 3 , YES , 5 , 10 , OFF , OFF , DesignWare , 1 , 1 , 1 , 1 , 1 , 1 , 1 , 1 , 1452 , FPMult_unq1 , FPMult , 471 , 33 , 30 , 1421 , 0 , 1452 , 0 , 1419 , 0 , 0 , 1.31 , 0 , 1.68717590956366 , 0.9 , 504 , svt , 0.001635 , 1.31 , 0.6501968 , 0.0524764 , 0.001559728832 , 1.04 , 0.5518596 , 0.0649176 , 0.001635 , 1.31 , 0.6501968 , 0.0524764 , 0.001647 , 1.33 , 0.6591867 , 0.0562183 , 
0 , 0.125 , 3 , YES , 5 , 10 , OFF , OFF , DesignWare , 1 , 1 , 1 , 1 , 1 , 1 , 1 , 1 , 1411 , FPMult_unq1 , FPMult , 463 , 33 , 30 , 1351 , 0 , 1411 , 0 , 1334 , 0 , 0 , 1.35 , 0 , 1.71571926408812 , 0.9 , 496 , svt , 0.001583 , 1.35 , 0.6311888 , 0.0513202 , 0.001481230831 , 1.05 , 0.5063221 , 0.0590936 , 0.001583 , 1.35 , 0.6311888 , 0.0513202 , 0.001589 , 1.35 , 0.6452056 , 0.0526703 , 
0 , 0.125 , 3 , YES , 5 , 10 , OFF , OFF , DesignWare , 1 , 1 , 1 , 1 , 1 , 1 , 1 , 1 , 1348 , FPMult_unq1 , FPMult , 448 , 34 , 30 , 1313 , 0 , 1348 , 0 , 1272 , 0 , 0 , 1.37 , 0 , 1.74902751345775 , 0.9 , 482 , svt , 0.001554 , 1.37 , 0.6054866 , 0.046909 , 0.001465531231 , 1.07 , 0.4993519 , 0.0579329 , 0.001554 , 1.37 , 0.6054866 , 0.046909 , 0.001513 , 1.36 , 0.6115126 , 0.0468551 , 
0 , 0.125 , 3 , YES , 5 , 10 , OFF , OFF , DesignWare , 1 , 1 , 1 , 1 , 1 , 1 , 1 , 1 , 1250 , FPMult_unq1 , FPMult , 447 , 36 , 30 , 1198 , 0 , 1250 , 0 , 1296 , 0 , 0 , 1.38 , 0 , 1.76527599891196 , 0.9 , 483 , svt , 0.001553 , 1.38 , 0.6326874 , 0.0501501 , 0.001479819631 , 1.09 , 0.5316494 , 0.0611601 , 0.001553 , 1.38 , 0.6326874 , 0.0501501 , 0.001596 , 1.38 , 0.6472361 , 0.0520283 , 
0 , 0.125 , 3 , YES , 5 , 10 , OFF , OFF , DesignWare , 1 , 1 , 1 , 1 , 1 , 1 , 1 , 1 , 1126 , FPMult_unq1 , FPMult , 458 , 39 , 30 , 1104 , 0 , 1126 , 0 , 1120 , 0 , 0 , 1.45 , 0 , 1.87621026327647 , 0.9 , 497 , svt , 0.001487 , 1.45 , 0.5743583 , 0.0437799 , 0.001419667229 , 1.15 , 0.5081696 , 0.0570447 , 0.001487 , 1.45 , 0.5743583 , 0.0437799 , 0.001492 , 1.45 , 0.5799752 , 0.0435141 , 
0 , 0.125 , 3 , YES , 5 , 10 , OFF , OFF , DesignWare , 1 , 1 , 1 , 1 , 1 , 1 , 1 , 1 , 1279 , FPMult_unq1 , FPMult , 446 , 34 , 30 , 1248 , 0 , 1279 , 0 , 1151 , 0 , 0 , 1.49 , 0 , 1.89538817629579 , 0.9 , 480 , svt , 0.001548 , 1.49 , 0.5919051 , 0.0459924 , 0.001467648032 , 1.16 , 0.5124302 , 0.0585626 , 0.001548 , 1.49 , 0.5919051 , 0.0459924 , 0.001501 , 1.48 , 0.6024967 , 0.0477497 , 
0 , 0.125 , 3 , YES , 5 , 10 , OFF , OFF , DesignWare , 1 , 1 , 1 , 1 , 1 , 1 , 1 , 1 , 1191 , FPMult_unq1 , FPMult , 409 , 34 , 30 , 1175 , 0 , 1191 , 0 , 1100 , 0 , 0 , 1.64 , 0 , 2.1292956581931 , 0.9 , 443 , svt , 0.00149 , 1.64 , 0.5624919 , 0.0430074 , 0.00142707603 , 1.30 , 0.4974897 , 0.0573242 , 0.00149 , 1.64 , 0.5624919 , 0.0430074 , 0.001449 , 1.66 , 0.5763202 , 0.0446331 , 
0 , 0.125 , 3 , YES , 5 , 10 , OFF , OFF , DesignWare , 1 , 1 , 1 , 1 , 1 , 1 , 1 , 1 , 1198 , FPMult_unq1 , FPMult , 435 , 36 , 30 , 1181 , 0 , 1198 , 0 , 1097 , 0 , 0 , 1.66 , 0 , 2.14193837446365 , 0.9 , 471 , svt , 0.001496 , 1.66 , 0.5562653 , 0.0416806 , 0.00144348123 , 1.31 , 0.5045097 , 0.0586289 , 0.001496 , 1.66 , 0.5562653 , 0.0416806 , 0.001449 , 1.67 , 0.5597823 , 0.0431529 , 
0 , 0.125 , 3 , YES , 5 , 10 , OFF , OFF , DesignWare , 1 , 1 , 1 , 1 , 1 , 1 , 1 , 1 , 1130 , FPMult_unq1 , FPMult , 411 , 33 , 30 , 1121 , 0 , 1130 , 0 , 1022 , 0 , 0 , 1.84 , 0 , 2.39206936958988 , 0.9 , 444 , svt , 0.00142 , 1.84 , 0.5325732 , 0.0394154 , 0.001358456425 , 1.45 , 0.4686362 , 0.0527034 , 0.00142 , 1.84 , 0.5325732 , 0.0394154 , 0.001373 , 1.84 , 0.5335186 , 0.0387277 , 
0 , 0.125 , 3 , YES , 5 , 10 , OFF , OFF , DesignWare , 1 , 1 , 1 , 1 , 1 , 1 , 1 , 1 , 1123 , FPMult_unq1 , FPMult , 393 , 35 , 30 , 1118 , 0 , 1123 , 0 , 1015 , 0 , 0 , 1.84 , 0 , 2.39324601070169 , 0.9 , 428 , svt , 0.001432 , 1.84 , 0.5329706 , 0.040001 , 0.001353164425 , 1.46 , 0.4639403 , 0.0529654 , 0.001432 , 1.84 , 0.5329706 , 0.040001 , 0.001379 , 1.84 , 0.5527305 , 0.0412496 , 
0 , 0.125 , 3 , YES , 5 , 10 , OFF , OFF , DesignWare , 1 , 1 , 1 , 1 , 1 , 1 , 1 , 1 , 1240 , FPMult_unq1 , FPMult , 441 , 34 , 30 , 1230 , 0 , 1240 , 0 , 1132 , 0 , 0 , 1.95 , 0 , 2.5341467992206 , 0.9 , 475 , svt , 0.00149 , 1.95 , 0.5398278 , 0.038693 , 0.001414198831 , 1.55 , 0.4657112 , 0.0524967 , 0.00149 , 1.95 , 0.5398278 , 0.038693 , 0.001426 , 1.98 , 0.5401279 , 0.0376275 , 
0 , 0.125 , 3 , YES , 5 , 10 , OFF , OFF , DesignWare , 1 , 1 , 1 , 1 , 1 , 1 , 1 , 1 , 1039 , FPMult_unq1 , FPMult , 390 , 34 , 30 , 1040 , 0 , 1039 , 0 , 938 , 0 , 0 , 2.04 , 0 , 2.67403886872973 , 0.9 , 424 , svt , 0.001391 , 2.04 , 0.5264941 , 0.0393511 , 0.001326175221 , 1.62 , 0.4632322 , 0.0535916 , 0.001391 , 2.04 , 0.5264941 , 0.0393511 , 0.001327 , 2.10 , 0.5363003 , 0.040695 , 
0 , 0.125 , 3 , YES , 5 , 10 , OFF , OFF , DesignWare , 1 , 1 , 1 , 1 , 1 , 1 , 1 , 1 , 800 , FPMult_unq1 , FPMult , 373 , 35 , 30 , 792 , 0 , 800 , 0 , 786 , 0 , 0 , 2.06 , 0 , 2.68494659875874 , 0.9 , 408 , svt , 0.001273 , 2.06 , 0.5190099 , 0.0469671 , 0.001215395998 , 1.64 , 0.4638748 , 0.0557909 , 0.001273 , 2.06 , 0.5190099 , 0.0469671 , 0.001265 , 2.05 , 0.5166169 , 0.0464827 , 
0 , 0.125 , 3 , YES , 5 , 10 , OFF , OFF , DesignWare , 1 , 1 , 1 , 1 , 1 , 1 , 1 , 1 , 771 , FPMult_unq1 , FPMult , 385 , 34 , 30 , 768 , 0 , 771 , 0 , 764 , 0 , 0 , 2.26 , 0 , 2.97749330384996 , 0.9 , 419 , svt , 0.001148 , 2.26 , 0.50783 , 0.0359498 , 0.001092797998 , 1.81 , 0.4323741 , 0.0461834 , 0.001148 , 2.26 , 0.50783 , 0.0359498 , 0.001153 , 2.26 , 0.506838 , 0.0362837 , 
0 , 0.125 , 3 , YES , 5 , 10 , OFF , OFF , DesignWare , 1 , 1 , 1 , 1 , 1 , 1 , 1 , 1 , 945 , FPMult_unq1 , FPMult , 395 , 34 , 30 , 940 , 0 , 945 , 0 , 859 , 0 , 0 , 2.28 , 0 , 2.98777636711942 , 0.9 , 429 , svt , 0.001199 , 2.28 , 0.476934 , 0.0327853 , 0.001136016005 , 1.82 , 0.4001336 , 0.0434128 , 0.001199 , 2.28 , 0.476934 , 0.0327853 , 0.001152 , 2.29 , 0.4792986 , 0.0330312 , 
0 , 0.125 , 3 , YES , 5 , 10 , OFF , OFF , DesignWare , 1 , 1 , 1 , 1 , 1 , 1 , 1 , 1 , 956 , FPMult_unq1 , FPMult , 389 , 34 , 30 , 945 , 0 , 956 , 0 , 851 , 0 , 0 , 2.32 , 0 , 3.01890448642176 , 0.9 , 423 , svt , 0.001199 , 2.32 , 0.4827427 , 0.0333742 , 0.001134957605 , 1.85 , 0.4038806 , 0.04335 , 0.001199 , 2.32 , 0.4827427 , 0.0333742 , 0.001146 , 2.32 , 0.4819341 , 0.0328171 , 
0 , 0.125 , 3 , YES , 5 , 10 , OFF , OFF , DesignWare , 1 , 1 , 1 , 1 , 1 , 1 , 1 , 1 , 943 , FPMult_unq1 , FPMult , 374 , 34 , 30 , 946 , 0 , 943 , 0 , 837 , 0 , 0 , 2.53 , 0 , 3.33832380834386 , 0.9 , 408 , svt , 0.001199 , 2.53 , 0.4691922 , 0.0315611 , 0.001138132805 , 1.89 , 0.3964606 , 0.0423087 , 0.001199 , 2.53 , 0.4691922 , 0.0315611 , 0.00114 , 2.50 , 0.4654081 , 0.0304081 , 
0 , 0.125 , 3 , YES , 5 , 10 , OFF , OFF , DesignWare , 1 , 1 , 1 , 1 , 1 , 1 , 1 , 1 , 949 , FPMult_unq1 , FPMult , 382 , 34 , 30 , 952 , 0 , 949 , 0 , 840 , 0 , 0 , 2.59 , 0 , 3.39146370956066 , 0.9 , 416 , svt , 0.001199 , 2.59 , 0.4714494 , 0.0313288 , 0.001138485605 , 1.89 , 0.4055153 , 0.0428866 , 0.001199 , 2.59 , 0.4714494 , 0.0313288 , 0.001146 , 2.55 , 0.4686004 , 0.0304566 , 
0 , 0.125 , 3 , YES , 5 , 10 , OFF , OFF , DesignWare , 1 , 1 , 1 , 1 , 1 , 1 , 1 , 1 , 934 , FPMult_unq1 , FPMult , 374 , 35 , 30 , 937 , 0 , 934 , 0 , 819 , 0 , 0 , 2.87 , 0 , 20 , 0.9 , 409 , svt , 0.001187 , 2.87 , 0.4646221 , 0.0297855 , 0.001126666806 , 1.84 , 0.3902773 , 0.0421139 , 0.001187 , 2.87 , 0.4646221 , 0.0297855 , 0.001129 , 2.88 , 0.4589625 , 0.0289252 , 
0 , 0.125 , 3 , YES , 5 , 10 , OFF , OFF , DesignWare , 1 , 1 , 1 , 1 , 1 , 1 , 1 , 1 , 941 , FPMult_unq1 , FPMult , 395 , 35 , 30 , 943 , 0 , 941 , 0 , 826 , 0 , 0 , 2.92 , 0 , 20 , 0.9 , 430 , svt , 0.001193 , 2.92 , 0.4703884 , 0.0297492 , 0.001127019606 , 1.86 , 0.3930327 , 0.0421217 , 0.001193 , 2.92 , 0.4703884 , 0.0297492 , 0.001129 , 2.87 , 0.4632378 , 0.0289026 , 
0 , 0.125 , 3 , YES , 5 , 10 , OFF , OFF , DesignWare , 1 , 1 , 1 , 1 , 1 , 1 , 1 , 1 , 942 , FPMult_unq1 , FPMult , 380 , 34 , 30 , 945 , 0 , 942 , 0 , 827 , 0 , 0 , 2.93 , 0 , 20 , 0.9 , 414 , svt , 0.001193 , 2.93 , 0.4697607 , 0.0297049 , 0.001127548806 , 1.88 , 0.3956512 , 0.042029 , 0.001193 , 2.93 , 0.4697607 , 0.0297049 , 0.001129 , 2.92 , 0.4631522 , 0.0288366 , 
0 , 0.125 , 3 , YES , 5 , 10 , OFF , OFF , DesignWare , 1 , 1 , 1 , 1 , 1 , 1 , 1 , 1 , 771 , FPMult_unq1 , FPMult , 385 , 34 , 30 , 768 , 0 , 771 , 0 , 764 , 0 , 0 , 2.98 , 1 , 2.97749330384996 , 0.9 , 419 , svt , 0.001148 , 2.98 , 0.4113601 , 0.0267688 , 0.001092797998 , 2.38 , 0.3503529 , 0.0343166 , 0.001148 , 2.98 , 0.4113601 , 0.0267688 , 0.001153 , 2.96 , 0.4106067 , 0.0270141 , 
0 , 0.125 , 3 , YES , 5 , 10 , OFF , OFF , DesignWare , 1 , 1 , 1 , 1 , 1 , 1 , 1 , 1 , 764 , FPMult_unq1 , FPMult , 372 , 33 , 30 , 771 , 0 , 764 , 0 , 765 , 0 , 0 , 3.23 , 1 , 3.2474388891127 , 0.9 , 405 , svt , 0.001229 , 3.23 , 0.4065788 , 0.0328765 , 0.001166533191 , 2.43 , 0.3545239 , 0.0380557 , 0.001229 , 3.23 , 0.4065788 , 0.0328765 , 0.001229 , 3.22 , 0.4040274 , 0.0328094 , 
0 , 0.125 , 3 , YES , 5 , 10 , OFF , OFF , DesignWare , 1 , 1 , 1 , 1 , 1 , 1 , 1 , 1 , 771 , FPMult_unq1 , FPMult , 364 , 34 , 30 , 770 , 0 , 771 , 0 , 753 , 0 , 0 , 3.28 , 1 , 3.30566187398671 , 0.9 , 398 , svt , 0.001148 , 3.28 , 0.4063045 , 0.026061 , 0.001087329598 , 2.62 , 0.3526186 , 0.0340085 , 0.001148 , 3.28 , 0.4063045 , 0.026061 , 0.001143 , 3.29 , 0.4070507 , 0.0258736 , 
0 , 0.125 , 3 , YES , 5 , 10 , OFF , OFF , DesignWare , 1 , 1 , 1 , 1 , 1 , 1 , 1 , 1 , 943 , FPMult_unq1 , FPMult , 374 , 34 , 30 , 946 , 0 , 943 , 0 , 837 , 0 , 0 , 3.30 , 1 , 3.33832380834386 , 0.9 , 408 , svt , 0.001199 , 3.30 , 0.3799552 , 0.0235252 , 0.001138132805 , 2.48 , 0.3213285 , 0.0314543 , 0.001199 , 3.30 , 0.3799552 , 0.0235252 , 0.00114 , 3.29 , 0.3770039 , 0.0226701 , 
0 , 0.125 , 3 , YES , 5 , 10 , OFF , OFF , DesignWare , 1 , 1 , 1 , 1 , 1 , 1 , 1 , 1 , 785 , FPMult_unq1 , FPMult , 402 , 35 , 30 , 792 , 0 , 785 , 0 , 784 , 0 , 0 , 3.36 , 1 , 20 , 0.9 , 437 , svt , 0.001237 , 3.36 , 0.4161802 , 0.0320195 , 0.001172530792 , 2.22 , 0.3480085 , 0.0375287 , 0.001237 , 3.36 , 0.4161802 , 0.0320195 , 0.001233 , 3.35 , 0.4132712 , 0.031928 , 
0 , 0.125 , 3 , YES , 5 , 10 , OFF , OFF , DesignWare , 1 , 1 , 1 , 1 , 1 , 1 , 1 , 1 , 934 , FPMult_unq1 , FPMult , 374 , 35 , 30 , 937 , 0 , 934 , 0 , 819 , 0 , 0 , 3.73 , 1 , 20 , 0.9 , 409 , svt , 0.001187 , 3.73 , 0.3761442 , 0.0222085 , 0.001126666806 , 2.40 , 0.3163849 , 0.031301 , 0.001187 , 3.73 , 0.3761442 , 0.0222085 , 0.001129 , 3.76 , 0.3716815 , 0.0215666 , 
0 , 0.125 , 3 , YES , 5 , 10 , OFF , OFF , DesignWare , 1 , 1 , 1 , 1 , 1 , 1 , 1 , 1 , 941 , FPMult_unq1 , FPMult , 395 , 35 , 30 , 943 , 0 , 941 , 0 , 826 , 0 , 0 , 3.81 , 1 , 20 , 0.9 , 430 , svt , 0.001193 , 3.81 , 0.3807585 , 0.0221806 , 0.001127019606 , 2.43 , 0.3186199 , 0.0313066 , 0.001193 , 3.81 , 0.3807585 , 0.0221806 , 0.001129 , 3.74 , 0.3751365 , 0.0215489 , 
0 , 0.125 , 3 , YES , 5 , 10 , OFF , OFF , DesignWare , 1 , 1 , 1 , 1 , 1 , 1 , 1 , 1 , 942 , FPMult_unq1 , FPMult , 380 , 34 , 30 , 945 , 0 , 942 , 0 , 827 , 0 , 0 , 3.83 , 1 , 20 , 0.9 , 414 , svt , 0.001193 , 3.83 , 0.380273 , 0.0221476 , 0.001127548806 , 2.45 , 0.3207166 , 0.0312393 , 0.001193 , 3.83 , 0.380273 , 0.0221476 , 0.001129 , 3.81 , 0.3750554 , 0.0215001 , 
0 , 0.125 , 3 , YES , 5 , 10 , OFF , OFF , DesignWare , 1 , 1 , 1 , 1 , 1 , 1 , 1 , 1 , 785 , FPMult_unq1 , FPMult , 402 , 35 , 30 , 792 , 0 , 785 , 0 , 784 , 0 , 0 , 4.78 , 0 , 20 , 0.9 , 437 , svt , 0.001237 , 4.78 , 0.3304477 , 0.0234802 , 0.001172530792 , 3.17 , 0.2770105 , 0.0274781 , 0.001237 , 4.78 , 0.3304477 , 0.0234802 , 0.001233 , 4.77 , 0.3281533 , 0.0234137 , 
0 , 0.125 , 3 , YES , 5 , 10 , OFF , OFF , DesignWare , 1 , 1 , 1 , 1 , 1 , 1 , 1 , 1 , 762 , FPMult_unq1 , FPMult , 371 , 34 , 30 , 770 , 0 , 762 , 0 , 762 , 0 , 0 , 4.92 , 0 , 20 , 0.9 , 405 , svt , 0.001221 , 4.92 , 0.3251254 , 0.0234122 , 0.001159653592 , 3.30 , 0.2725103 , 0.0272777 , 0.001221 , 4.92 , 0.3251254 , 0.0234122 , 0.001221 , 4.96 , 0.3225313 , 0.0233229 , 
0 , 0.125 , 3 , YES , 5 , 10 , OFF , OFF , DesignWare , 1 , 1 , 1 , 1 , 1 , 1 , 1 , 1 , 762 , FPMult_unq1 , FPMult , 366 , 34 , 30 , 770 , 0 , 762 , 0 , 762 , 0 , 0 , 5.13 , 0 , 20 , 0.9 , 400 , svt , 0.001221 , 5.13 , 0.3289459 , 0.0233999 , 0.001159653592 , 3.43 , 0.274079 , 0.0274306 , 0.001221 , 5.13 , 0.3289459 , 0.0233999 , 0.001221 , 5.06 , 0.3266901 , 0.0232807 , 
0 , 0.125 , 3 , YES , 5 , 10 , OFF , OFF , DesignWare , 1 , 1 , 1 , 1 , 1 , 1 , 1 , 1 , 765 , FPMult_unq1 , FPMult , 384 , 35 , 30 , 765 , 0 , 765 , 0 , 744 , 0 , 0 , 5.26 , 0 , 20 , 0.9 , 419 , svt , 0.001143 , 5.26 , 0.322439 , 0.0185273 , 0.001081155599 , 3.41 , 0.2749049 , 0.024747 , 0.001143 , 5.26 , 0.322439 , 0.0185273 , 0.001132 , 5.37 , 0.3236946 , 0.0184529 , 
0 , 0.125 , 3 , YES , 5 , 10 , OFF , OFF , DesignWare , 1 , 1 , 1 , 1 , 1 , 1 , 1 , 1 , 934 , FPMult_unq1 , FPMult , 374 , 35 , 30 , 937 , 0 , 934 , 0 , 819 , 0 , 0 , 5.31 , 0 , 20 , 0.9 , 409 , svt , 0.001187 , 5.31 , 0.2983696 , 0.0163229 , 0.001126666806 , 3.43 , 0.2515752 , 0.0229252 , 0.001187 , 5.31 , 0.2983696 , 0.0163229 , 0.001129 , 5.35 , 0.2948867 , 0.0158513 , 
0 , 0.125 , 3 , YES , 5 , 10 , OFF , OFF , DesignWare , 1 , 1 , 1 , 1 , 1 , 1 , 1 , 1 , 756 , FPMult_unq1 , FPMult , 369 , 36 , 30 , 756 , 0 , 756 , 0 , 736 , 0 , 0 , 5.43 , 0 , 20 , 0.9 , 405 , svt , 0.001143 , 5.43 , 0.3130399 , 0.0185686 , 0.001079391598 , 3.52 , 0.2625506 , 0.0247674 , 0.001143 , 5.43 , 0.3130399 , 0.0185686 , 0.001132 , 5.35 , 0.3100786 , 0.0185053 , 
0 , 0.125 , 3 , YES , 5 , 10 , OFF , OFF , DesignWare , 1 , 1 , 1 , 1 , 1 , 1 , 1 , 1 , 941 , FPMult_unq1 , FPMult , 395 , 35 , 30 , 943 , 0 , 941 , 0 , 826 , 0 , 0 , 5.43 , 0 , 20 , 0.9 , 430 , svt , 0.001193 , 5.43 , 0.3019964 , 0.0163018 , 0.001127019606 , 3.46 , 0.2533555 , 0.022929 , 0.001193 , 5.43 , 0.3019964 , 0.0163018 , 0.001129 , 5.32 , 0.2976203 , 0.0158376 , 
0 , 0.125 , 3 , YES , 5 , 10 , OFF , OFF , DesignWare , 1 , 1 , 1 , 1 , 1 , 1 , 1 , 1 , 942 , FPMult_unq1 , FPMult , 380 , 34 , 30 , 945 , 0 , 942 , 0 , 827 , 0 , 0 , 5.48 , 0 , 20 , 0.9 , 414 , svt , 0.001193 , 5.48 , 0.3016273 , 0.0162775 , 0.001127548806 , 3.49 , 0.2550012 , 0.022881 , 0.001193 , 5.48 , 0.3016273 , 0.0162775 , 0.001129 , 5.44 , 0.2975533 , 0.015802 , 
1 , 0.375 , 3 , YES , 5 , 10 , OFF , OFF , Sklansky , 1 , 1 , 1 , 1 , 1 , 1 , 1 , 1 , 1695 , FPMult_unq1 , FPMult , 565 , 34 , 30 , 1666 , 0 , 1695 , 0 , 1730 , 0 , 0 , 1.09 , 0 , 1.3923105091777 , 0.9 , 599 , svt , 0.002072 , 1.09 , 0.8563859 , 0.0787825 , 0.002168132439 , 0.86 , 0.8065604 , 0.1030675 , 0.002072 , 1.09 , 0.8563859 , 0.0787825 , 0.002116 , 1.09 , 0.8638672 , 0.0816015 , 
1 , 0.375 , 3 , YES , 5 , 10 , OFF , OFF , Sklansky , 1 , 1 , 1 , 1 , 1 , 1 , 1 , 1 , 997 , FPMult_unq1 , FPMult , 427 , 34 , 30 , 974 , 0 , 997 , 0 , 983 , 0 , 0 , 1.45 , 0 , 1.89642828528792 , 0.9 , 461 , svt , 0.001333 , 1.45 , 0.5486197 , 0.0384102 , 0.001263200416 , 1.17 , 0.5058937 , 0.054396 , 0.001333 , 1.45 , 0.5486197 , 0.0384102 , 0.001323 , 1.47 , 0.557716 , 0.03956 , 
1 , 0.375 , 3 , YES , 5 , 10 , OFF , OFF , Sklansky , 1 , 1 , 1 , 1 , 1 , 1 , 1 , 1 , 1149 , FPMult_unq1 , FPMult , 424 , 36 , 30 , 1123 , 0 , 1149 , 0 , 1043 , 0 , 0 , 1.50 , 0 , 1.9278738843766 , 0.9 , 460 , svt , 0.001379 , 1.50 , 0.5588938 , 0.0413659 , 0.001319295619 , 1.18 , 0.5009586 , 0.0550648 , 0.001379 , 1.50 , 0.5588938 , 0.0413659 , 0.001327 , 1.51 , 0.5683377 , 0.0418644 , 
1 , 0.375 , 3 , YES , 5 , 10 , OFF , OFF , Sklansky , 1 , 1 , 1 , 1 , 1 , 1 , 1 , 1 , 919 , FPMult_unq1 , FPMult , 429 , 36 , 30 , 907 , 0 , 919 , 0 , 917 , 0 , 0 , 1.60 , 0 , 2.09227149289952 , 0.9 , 465 , svt , 0.001274 , 1.60 , 0.5450809 , 0.0408296 , 0.001209045603 , 1.28 , 0.4829614 , 0.0525063 , 0.001274 , 1.60 , 0.5450809 , 0.0408296 , 0.001279 , 1.62 , 0.5579941 , 0.0418813 , 
1 , 0.375 , 3 , YES , 5 , 10 , OFF , OFF , Sklansky , 1 , 1 , 1 , 1 , 1 , 1 , 1 , 1 , 1103 , FPMult_unq1 , FPMult , 402 , 36 , 30 , 1083 , 0 , 1103 , 0 , 1013 , 0 , 0 , 1.62 , 0 , 2.09656862515874 , 0.9 , 438 , svt , 0.001321 , 1.62 , 0.5386722 , 0.0383634 , 0.001250676011 , 1.29 , 0.4693834 , 0.0509529 , 0.001321 , 1.62 , 0.5386722 , 0.0383634 , 0.001274 , 1.62 , 0.5388665 , 0.0381916 , 
1 , 0.375 , 3 , YES , 5 , 10 , OFF , OFF , Sklansky , 1 , 1 , 1 , 1 , 1 , 1 , 1 , 1 , 1122 , FPMult_unq1 , FPMult , 420 , 32 , 30 , 1091 , 0 , 1122 , 0 , 1032 , 0 , 0 , 1.62 , 0 , 2.10748665476202 , 0.9 , 452 , svt , 0.001333 , 1.62 , 0.5427302 , 0.0381077 , 0.001247500811 , 1.29 , 0.4689068 , 0.0506498 , 0.001333 , 1.62 , 0.5427302 , 0.0381077 , 0.001292 , 1.62 , 0.5315861 , 0.0366454 , 
1 , 0.375 , 3 , YES , 5 , 10 , OFF , OFF , Sklansky , 1 , 1 , 1 , 1 , 1 , 1 , 1 , 1 , 929 , FPMult_unq1 , FPMult , 432 , 35 , 30 , 928 , 0 , 929 , 0 , 930 , 0 , 0 , 1.66 , 0 , 2.16748702418261 , 0.9 , 467 , svt , 0.00128 , 1.66 , 0.5394172 , 0.0366354 , 0.00121486681 , 1.32 , 0.4980379 , 0.0525821 , 0.00128 , 1.66 , 0.5394172 , 0.0366354 , 0.00128 , 1.66 , 0.5423583 , 0.0373284 , 
1 , 0.375 , 3 , YES , 5 , 10 , OFF , OFF , Sklansky , 1 , 1 , 1 , 1 , 1 , 1 , 1 , 1 , 1407 , FPMult_unq1 , FPMult , 429 , 33 , 30 , 1444 , 0 , 1407 , 0 , 1264 , 0 , 0 , 1.73 , 0 , 2.27758260475679 , 0.9 , 462 , svt , 0.001555 , 1.73 , 0.3857012 , 0.0363081 , 0.001550379626 , 1.39 , 0.495857 , 0.0575879 , 0.001555 , 1.73 , 0.3857012 , 0.0363081 , 0.001475 , 1.75 , 0.3787426 , 0.0360861 , 
1 , 0.375 , 3 , YES , 5 , 10 , OFF , OFF , Sklansky , 1 , 1 , 1 , 1 , 1 , 1 , 1 , 1 , 1280 , FPMult_unq1 , FPMult , 427 , 34 , 30 , 1308 , 0 , 1280 , 0 , 1143 , 0 , 0 , 1.75 , 0 , 2.3010995234722 , 0.9 , 461 , svt , 0.001481 , 1.75 , 0.3776219 , 0.034042 , 0.001465178418 , 1.41 , 0.4988618 , 0.0576218 , 0.001481 , 1.75 , 0.3776219 , 0.034042 , 0.001401 , 1.76 , 0.3678168 , 0.0334872 , 
1 , 0.375 , 3 , YES , 5 , 10 , OFF , OFF , Sklansky , 1 , 1 , 1 , 1 , 1 , 1 , 1 , 1 , 926 , FPMult_unq1 , FPMult , 438 , 35 , 30 , 908 , 0 , 926 , 0 , 906 , 0 , 0 , 1.83 , 0 , 2.3827641307415 , 0.9 , 473 , svt , 0.001264 , 1.83 , 0.5515143 , 0.038624 , 0.001193522404 , 1.45 , 0.4984307 , 0.0521653 , 0.001264 , 1.83 , 0.5515143 , 0.038624 , 0.001259 , 1.83 , 0.54052 , 0.0364988 , 
1 , 0.375 , 3 , YES , 5 , 10 , OFF , OFF , Sklansky , 1 , 1 , 1 , 1 , 1 , 1 , 1 , 1 , 1259 , FPMult_unq1 , FPMult , 409 , 34 , 30 , 1289 , 0 , 1259 , 0 , 1115 , 0 , 0 , 1.91 , 0 , 2.50070579970783 , 0.9 , 443 , svt , 0.001457 , 1.91 , 0.3745828 , 0.033648 , 0.001422666013 , 1.53 , 0.4804511 , 0.0535253 , 0.001457 , 1.91 , 0.3745828 , 0.033648 , 0.00137 , 1.91 , 0.3627866 , 0.0323603 , 
1 , 0.375 , 3 , YES , 5 , 10 , OFF , OFF , Sklansky , 1 , 1 , 1 , 1 , 1 , 1 , 1 , 1 , 1278 , FPMult_unq1 , FPMult , 420 , 34 , 30 , 1303 , 0 , 1278 , 0 , 1125 , 0 , 0 , 1.93 , 0 , 2.52762564852811 , 0.9 , 454 , svt , 0.001475 , 1.93 , 0.3733277 , 0.0338303 , 0.001425488413 , 1.54 , 0.4817531 , 0.0541427 , 0.001475 , 1.93 , 0.3733277 , 0.0338303 , 0.001389 , 1.92 , 0.375165 , 0.0335956 , 
1 , 0.375 , 3 , YES , 5 , 10 , OFF , OFF , Sklansky , 1 , 1 , 1 , 1 , 1 , 1 , 1 , 1 , 897 , FPMult_unq1 , FPMult , 383 , 33 , 30 , 889 , 0 , 897 , 0 , 876 , 0 , 0 , 1.99 , 0 , 2.61942278749713 , 0.9 , 416 , svt , 0.001227 , 1.99 , 0.5354746 , 0.0355832 , 0.001155949203 , 1.57 , 0.4789408 , 0.0489693 , 0.001227 , 1.99 , 0.5354746 , 0.0355832 , 0.001217 , 1.98 , 0.5310341 , 0.0352069 , 
1 , 0.375 , 3 , YES , 5 , 10 , OFF , OFF , Sklansky , 1 , 1 , 1 , 1 , 1 , 1 , 1 , 1 , 1280 , FPMult_unq1 , FPMult , 480 , 35 , 30 , 1299 , 0 , 1280 , 0 , 1125 , 0 , 0 , 2.08 , 0 , 2.74568724033619 , 0.9 , 515 , svt , 0.001463 , 2.08 , 0.3847606 , 0.0344434 , 0.00140696641 , 1.67 , 0.464245 , 0.0509814 , 0.001463 , 2.08 , 0.3847606 , 0.0344434 , 0.001376 , 2.04 , 0.3672915 , 0.0320168 , 
1 , 0.375 , 3 , YES , 5 , 10 , OFF , OFF , Sklansky , 1 , 1 , 1 , 1 , 1 , 1 , 1 , 1 , 1088 , FPMult_unq1 , FPMult , 420 , 37 , 30 , 1090 , 0 , 1088 , 0 , 977 , 0 , 0 , 2.11 , 0 , 2.75310941782321 , 0.9 , 457 , svt , 0.001298 , 2.11 , 0.4961794 , 0.0307634 , 0.001229155211 , 1.66 , 0.4442491 , 0.046004 , 0.001298 , 2.11 , 0.4961794 , 0.0307634 , 0.001234 , 2.07 , 0.4918665 , 0.0302838 , 
1 , 0.375 , 3 , YES , 5 , 10 , OFF , OFF , Sklansky , 1 , 1 , 1 , 1 , 1 , 1 , 1 , 1 , 1266 , FPMult_unq1 , FPMult , 410 , 33 , 30 , 1291 , 0 , 1266 , 0 , 1112 , 0 , 0 , 2.13 , 0 , 2.77645158496089 , 0.9 , 443 , svt , 0.001457 , 2.13 , 0.3731991 , 0.0336774 , 0.00140837761 , 1.70 , 0.4643863 , 0.0516709 , 0.001457 , 2.13 , 0.3731991 , 0.0336774 , 0.00137 , 2.11 , 0.365558 , 0.0323664 , 
1 , 0.375 , 3 , YES , 5 , 10 , OFF , OFF , Sklansky , 1 , 1 , 1 , 1 , 1 , 1 , 1 , 1 , 890 , FPMult_unq1 , FPMult , 380 , 33 , 30 , 889 , 0 , 890 , 0 , 869 , 0 , 0 , 2.20 , 0 , 2.87958663265761 , 0.9 , 413 , svt , 0.001222 , 2.20 , 0.5255424 , 0.0340064 , 0.001155772803 , 1.67 , 0.4744938 , 0.0483453 , 0.001222 , 2.20 , 0.5255424 , 0.0340064 , 0.001211 , 2.13 , 0.5255721 , 0.034214 , 
1 , 0.375 , 3 , YES , 5 , 10 , OFF , OFF , Sklansky , 1 , 1 , 1 , 1 , 1 , 1 , 1 , 1 , 1244 , FPMult_unq1 , FPMult , 393 , 34 , 30 , 1274 , 0 , 1244 , 0 , 1096 , 0 , 0 , 2.22 , 0 , 3.0497725832624 , 0.9 , 427 , svt , 0.001426 , 2.22 , 0.3663909 , 0.0321855 , 0.001374508809 , 1.76 , 0.4587112 , 0.0492318 , 0.001426 , 2.22 , 0.3663909 , 0.0321855 , 0.001345 , 2.30 , 0.3577198 , 0.0307425 , 
1 , 0.375 , 3 , YES , 5 , 10 , OFF , OFF , Sklansky , 1 , 1 , 1 , 1 , 1 , 1 , 1 , 1 , 1257 , FPMult_unq1 , FPMult , 404 , 33 , 30 , 1284 , 0 , 1257 , 0 , 1104 , 0 , 0 , 2.28 , 0 , 3.01466826790491 , 0.9 , 437 , svt , 0.001432 , 2.28 , 0.3753737 , 0.0321795 , 0.001375567209 , 1.75 , 0.46152 , 0.0496494 , 0.001432 , 2.28 , 0.3753737 , 0.0321795 , 0.001345 , 2.23 , 0.3670091 , 0.0310546 , 
1 , 0.375 , 3 , YES , 5 , 10 , OFF , OFF , Sklansky , 1 , 1 , 1 , 1 , 1 , 1 , 1 , 1 , 888 , FPMult_unq1 , FPMult , 393 , 33 , 30 , 888 , 0 , 888 , 0 , 867 , 0 , 0 , 2.35 , 0 , 3.09987721846582 , 0.9 , 426 , svt , 0.001222 , 2.35 , 0.5048146 , 0.0328507 , 0.001155243604 , 1.41 , 0.4497252 , 0.0478717 , 0.001222 , 2.35 , 0.5048146 , 0.0328507 , 0.001211 , 2.37 , 0.5004208 , 0.0326739 , 
1 , 0.375 , 3 , YES , 5 , 10 , OFF , OFF , Sklansky , 1 , 1 , 1 , 1 , 1 , 1 , 1 , 1 , 1067 , FPMult_unq1 , FPMult , 405 , 35 , 30 , 1070 , 0 , 1067 , 0 , 952 , 0 , 0 , 2.49 , 0 , 20 , 0.9 , 440 , svt , 0.001269 , 2.49 , 0.491689 , 0.0280383 , 0.001199520011 , 1.44 , 0.4371456 , 0.0449511 , 0.001269 , 2.49 , 0.491689 , 0.0280383 , 0.001204 , 2.73 , 0.4832342 , 0.0270773 , 
1 , 0.375 , 3 , YES , 5 , 10 , OFF , OFF , Sklansky , 1 , 1 , 1 , 1 , 1 , 1 , 1 , 1 , 1069 , FPMult_unq1 , FPMult , 387 , 36 , 30 , 1072 , 0 , 1069 , 0 , 955 , 0 , 0 , 2.50 , 0 , 20 , 0.9 , 423 , svt , 0.001269 , 2.50 , 0.4928102 , 0.0281501 , 0.001202518811 , 1.42 , 0.4360779 , 0.0450688 , 0.001269 , 2.50 , 0.4928102 , 0.0281501 , 0.001204 , 2.57 , 0.4855153 , 0.0271938 , 
1 , 0.375 , 3 , YES , 5 , 10 , OFF , OFF , Sklansky , 1 , 1 , 1 , 1 , 1 , 1 , 1 , 1 , 1259 , FPMult_unq1 , FPMult , 409 , 34 , 30 , 1289 , 0 , 1259 , 0 , 1115 , 0 , 0 , 2.50 , 1 , 2.50070579970783 , 0.9 , 443 , svt , 0.001457 , 2.50 , 0.3030413 , 0.0250909 , 0.001422666013 , 2.00 , 0.3890994 , 0.0397547 , 0.001457 , 2.50 , 0.3030413 , 0.0250909 , 0.00137 , 2.50 , 0.2934719 , 0.0241329 , 
1 , 0.375 , 3 , YES , 5 , 10 , OFF , OFF , Sklansky , 1 , 1 , 1 , 1 , 1 , 1 , 1 , 1 , 1267 , FPMult_unq1 , FPMult , 408 , 36 , 30 , 1291 , 0 , 1267 , 0 , 1114 , 0 , 0 , 2.52 , 0 , 20 , 0.9 , 444 , svt , 0.001432 , 2.52 , 0.3806857 , 0.0308095 , 0.001374508811 , 1.67 , 0.4515707 , 0.0489716 , 0.001432 , 2.52 , 0.3806857 , 0.0308095 , 0.001345 , 2.57 , 0.37794 , 0.0294192 , 
1 , 0.375 , 3 , YES , 5 , 10 , OFF , OFF , Sklansky , 1 , 1 , 1 , 1 , 1 , 1 , 1 , 1 , 1059 , FPMult_unq1 , FPMult , 380 , 34 , 30 , 1062 , 0 , 1059 , 0 , 944 , 0 , 0 , 2.53 , 0 , 20 , 0.9 , 414 , svt , 0.001263 , 2.53 , 0.48761 , 0.0280847 , 0.001198638011 , 1.42 , 0.4320684 , 0.0450154 , 0.001263 , 2.53 , 0.48761 , 0.0280847 , 0.001204 , 2.66 , 0.4771767 , 0.0271407 , 
1 , 0.375 , 3 , YES , 5 , 10 , OFF , OFF , Sklansky , 1 , 1 , 1 , 1 , 1 , 1 , 1 , 1 , 1257 , FPMult_unq1 , FPMult , 414 , 34 , 30 , 1282 , 0 , 1257 , 0 , 1104 , 0 , 0 , 2.55 , 0 , 20 , 0.9 , 448 , svt , 0.001426 , 2.55 , 0.3765205 , 0.0309579 , 0.00137239201 , 1.64 , 0.4487415 , 0.0489147 , 0.001426 , 2.55 , 0.3765205 , 0.0309579 , 0.001345 , 2.62 , 0.3686504 , 0.0293984 , 
1 , 0.375 , 3 , YES , 5 , 10 , OFF , OFF , Sklansky , 1 , 1 , 1 , 1 , 1 , 1 , 1 , 1 , 887 , FPMult_unq1 , FPMult , 377 , 35 , 30 , 887 , 0 , 887 , 0 , 866 , 0 , 0 , 2.61 , 0 , 20 , 0.9 , 412 , svt , 0.001222 , 2.61 , 0.5042842 , 0.0323173 , 0.001154890804 , 1.42 , 0.4499492 , 0.0480823 , 0.001222 , 2.61 , 0.5042842 , 0.0323173 , 0.001211 , 2.67 , 0.5030647 , 0.0320957 , 
1 , 0.375 , 3 , YES , 5 , 10 , OFF , OFF , Sklansky , 1 , 1 , 1 , 1 , 1 , 1 , 1 , 1 , 886 , FPMult_unq1 , FPMult , 395 , 35 , 30 , 886 , 0 , 886 , 0 , 865 , 0 , 0 , 2.61 , 0 , 20 , 0.9 , 430 , svt , 0.001222 , 2.61 , 0.5116749 , 0.0324933 , 0.001154714404 , 1.41 , 0.4492682 , 0.0478952 , 0.001222 , 2.61 , 0.5116749 , 0.0324933 , 0.001211 , 2.76 , 0.5134488 , 0.0323166 , 
1 , 0.375 , 3 , YES , 5 , 10 , OFF , OFF , Sklansky , 1 , 1 , 1 , 1 , 1 , 1 , 1 , 1 , 1280 , FPMult_unq1 , FPMult , 480 , 35 , 30 , 1299 , 0 , 1280 , 0 , 1125 , 0 , 0 , 2.73 , 1 , 2.74568724033619 , 0.9 , 515 , svt , 0.001463 , 2.73 , 0.3113301 , 0.0256785 , 0.00140696641 , 2.19 , 0.3760007 , 0.0378744 , 0.001463 , 2.73 , 0.3113301 , 0.0256785 , 0.001376 , 2.67 , 0.2972749 , 0.0238754 , 
1 , 0.375 , 3 , YES , 5 , 10 , OFF , OFF , Sklansky , 1 , 1 , 1 , 1 , 1 , 1 , 1 , 1 , 1088 , FPMult_unq1 , FPMult , 420 , 37 , 30 , 1090 , 0 , 1088 , 0 , 977 , 0 , 0 , 2.75 , 1 , 2.75310941782321 , 0.9 , 457 , svt , 0.001298 , 2.75 , 0.4016781 , 0.0229588 , 0.001229155211 , 2.19 , 0.3599399 , 0.0341983 , 0.001298 , 2.75 , 0.4016781 , 0.0229588 , 0.001234 , 2.70 , 0.3983506 , 0.0225985 , 
1 , 0.375 , 3 , YES , 5 , 10 , OFF , OFF , Sklansky , 1 , 1 , 1 , 1 , 1 , 1 , 1 , 1 , 898 , FPMult_unq1 , FPMult , 395 , 37 , 30 , 901 , 0 , 898 , 0 , 906 , 0 , 0 , 2.86 , 1 , 2.87130362051766 , 0.9 , 432 , svt , 0.001306 , 2.86 , 0.4257407 , 0.0324231 , 0.001237445996 , 2.26 , 0.3805669 , 0.0396637 , 0.001306 , 2.86 , 0.4257407 , 0.0324231 , 0.00131 , 2.86 , 0.4297547 , 0.032868 , 
1 , 0.375 , 3 , YES , 5 , 10 , OFF , OFF , Sklansky , 1 , 1 , 1 , 1 , 1 , 1 , 1 , 1 , 907 , FPMult_unq1 , FPMult , 379 , 35 , 30 , 915 , 0 , 907 , 0 , 910 , 0 , 0 , 2.86 , 1 , 3.03203880454751 , 0.9 , 414 , svt , 0.001314 , 2.86 , 0.4339333 , 0.0315494 , 0.001247324397 , 1.91 , 0.3764332 , 0.0398016 , 0.001314 , 2.86 , 0.4339333 , 0.0315494 , 0.001314 , 3.03 , 0.4320751 , 0.0312065 , 
1 , 0.375 , 3 , YES , 5 , 10 , OFF , OFF , Sklansky , 1 , 1 , 1 , 1 , 1 , 1 , 1 , 1 , 1244 , FPMult_unq1 , FPMult , 393 , 34 , 30 , 1274 , 0 , 1244 , 0 , 1096 , 0 , 0 , 2.96 , 1 , 3.0497725832624 , 0.9 , 427 , svt , 0.001426 , 2.96 , 0.2964072 , 0.0239985 , 0.001374508809 , 2.31 , 0.371521 , 0.036581 , 0.001426 , 2.96 , 0.2964072 , 0.0239985 , 0.001345 , 3.01 , 0.2894306 , 0.0229278 , 
1 , 0.375 , 3 , YES , 5 , 10 , OFF , OFF , Sklansky , 1 , 1 , 1 , 1 , 1 , 1 , 1 , 1 , 1257 , FPMult_unq1 , FPMult , 404 , 33 , 30 , 1284 , 0 , 1257 , 0 , 1104 , 0 , 0 , 2.99 , 1 , 3.01466826790491 , 0.9 , 437 , svt , 0.001432 , 2.99 , 0.3036709 , 0.0239973 , 0.001375567209 , 2.29 , 0.373796 , 0.0368874 , 0.001432 , 2.99 , 0.3036709 , 0.0239973 , 0.001345 , 2.92 , 0.296931 , 0.0231579 , 
1 , 0.375 , 3 , YES , 5 , 10 , OFF , OFF , Sklansky , 1 , 1 , 1 , 1 , 1 , 1 , 1 , 1 , 888 , FPMult_unq1 , FPMult , 393 , 33 , 30 , 888 , 0 , 888 , 0 , 867 , 0 , 0 , 3.07 , 1 , 3.09987721846582 , 0.9 , 426 , svt , 0.001222 , 3.07 , 0.408767 , 0.0245047 , 0.001155243604 , 1.86 , 0.3644678 , 0.0355835 , 0.001222 , 3.07 , 0.408767 , 0.0245047 , 0.001211 , 3.09 , 0.4052272 , 0.0243726 , 
1 , 0.375 , 3 , YES , 5 , 10 , OFF , OFF , Sklansky , 1 , 1 , 1 , 1 , 1 , 1 , 1 , 1 , 1067 , FPMult_unq1 , FPMult , 405 , 35 , 30 , 1070 , 0 , 1067 , 0 , 952 , 0 , 0 , 3.28 , 1 , 20 , 0.9 , 440 , svt , 0.001269 , 3.28 , 0.397941 , 0.0209363 , 0.001199520011 , 1.90 , 0.3542738 , 0.0334171 , 0.001269 , 3.28 , 0.397941 , 0.0209363 , 0.001204 , 3.58 , 0.3912365 , 0.0202199 , 
1 , 0.375 , 3 , YES , 5 , 10 , OFF , OFF , Sklansky , 1 , 1 , 1 , 1 , 1 , 1 , 1 , 1 , 1069 , FPMult_unq1 , FPMult , 387 , 36 , 30 , 1072 , 0 , 1069 , 0 , 955 , 0 , 0 , 3.29 , 1 , 20 , 0.9 , 423 , svt , 0.001269 , 3.29 , 0.3988884 , 0.0210208 , 0.001202518811 , 1.88 , 0.3534105 , 0.0335035 , 0.001269 , 3.29 , 0.3988884 , 0.0210208 , 0.001204 , 3.38 , 0.393131 , 0.0203078 , 
1 , 0.375 , 3 , YES , 5 , 10 , OFF , OFF , Sklansky , 1 , 1 , 1 , 1 , 1 , 1 , 1 , 1 , 1267 , FPMult_unq1 , FPMult , 408 , 36 , 30 , 1291 , 0 , 1267 , 0 , 1114 , 0 , 0 , 3.31 , 1 , 20 , 0.9 , 444 , svt , 0.001432 , 3.31 , 0.3079962 , 0.0229889 , 0.001374508811 , 2.19 , 0.3658446 , 0.0363828 , 0.001432 , 3.31 , 0.3079962 , 0.0229889 , 0.001345 , 3.37 , 0.3057486 , 0.0219533 , 
1 , 0.375 , 3 , YES , 5 , 10 , OFF , OFF , Sklansky , 1 , 1 , 1 , 1 , 1 , 1 , 1 , 1 , 1059 , FPMult_unq1 , FPMult , 380 , 34 , 30 , 1062 , 0 , 1059 , 0 , 944 , 0 , 0 , 3.33 , 1 , 20 , 0.9 , 414 , svt , 0.001263 , 3.33 , 0.3946715 , 0.0209721 , 0.001198638011 , 1.88 , 0.3501633 , 0.0334634 , 0.001263 , 3.33 , 0.3946715 , 0.0209721 , 0.001204 , 3.49 , 0.3863658 , 0.0202682 , 
1 , 0.375 , 3 , YES , 5 , 10 , OFF , OFF , Sklansky , 1 , 1 , 1 , 1 , 1 , 1 , 1 , 1 , 1257 , FPMult_unq1 , FPMult , 414 , 34 , 30 , 1282 , 0 , 1257 , 0 , 1104 , 0 , 0 , 3.35 , 1 , 20 , 0.9 , 448 , svt , 0.001426 , 3.35 , 0.3046013 , 0.0230975 , 0.00137239201 , 2.15 , 0.3635586 , 0.03634 , 0.001426 , 3.35 , 0.3046013 , 0.0230975 , 0.001345 , 3.43 , 0.298214 , 0.0219378 , 
1 , 0.375 , 3 , YES , 5 , 10 , OFF , OFF , Sklansky , 1 , 1 , 1 , 1 , 1 , 1 , 1 , 1 , 887 , FPMult_unq1 , FPMult , 377 , 35 , 30 , 887 , 0 , 887 , 0 , 866 , 0 , 0 , 3.42 , 1 , 20 , 0.9 , 412 , svt , 0.001222 , 3.42 , 0.408347 , 0.02411 , 0.001154890804 , 1.87 , 0.3646592 , 0.0357384 , 0.001222 , 3.42 , 0.408347 , 0.02411 , 0.001211 , 3.51 , 0.4073607 , 0.0239444 , 
1 , 0.375 , 3 , YES , 5 , 10 , OFF , OFF , Sklansky , 1 , 1 , 1 , 1 , 1 , 1 , 1 , 1 , 886 , FPMult_unq1 , FPMult , 395 , 35 , 30 , 886 , 0 , 886 , 0 , 865 , 0 , 0 , 3.42 , 1 , 20 , 0.9 , 430 , svt , 0.001222 , 3.42 , 0.4143217 , 0.0242408 , 0.001154714404 , 1.86 , 0.3641255 , 0.0356012 , 0.001222 , 3.42 , 0.4143217 , 0.0242408 , 0.001211 , 3.63 , 0.4157481 , 0.0241088 , 
1 , 0.375 , 3 , YES , 5 , 10 , OFF , OFF , Sklansky , 1 , 1 , 1 , 1 , 1 , 1 , 1 , 1 , 1059 , FPMult_unq1 , FPMult , 406 , 35 , 30 , 1062 , 0 , 1059 , 0 , 944 , 0 , 0 , 4.15 , 1 , 20 , 0.9 , 441 , svt , 0.001269 , 4.15 , 0.390737 , 0.0210103 , 0.001198638011 , 2.80 , 0.3511302 , 0.0335988 , 0.001269 , 4.15 , 0.390737 , 0.0210103 , 0.001204 , 4.18 , 0.3798136 , 0.0202628 , 
1 , 0.375 , 3 , YES , 5 , 10 , OFF , OFF , Sklansky , 1 , 1 , 1 , 1 , 1 , 1 , 1 , 1 , 1067 , FPMult_unq1 , FPMult , 405 , 35 , 30 , 1070 , 0 , 1067 , 0 , 952 , 0 , 0 , 4.74 , 0 , 20 , 0.9 , 440 , svt , 0.001269 , 4.74 , 0.3154474 , 0.0154146 , 0.001199520011 , 2.73 , 0.2814806 , 0.024483 , 0.001269 , 4.74 , 0.3154474 , 0.0154146 , 0.001204 , 5.13 , 0.3101982 , 0.0148887 , 
1 , 0.375 , 3 , YES , 5 , 10 , OFF , OFF , Sklansky , 1 , 1 , 1 , 1 , 1 , 1 , 1 , 1 , 1069 , FPMult_unq1 , FPMult , 387 , 36 , 30 , 1072 , 0 , 1069 , 0 , 955 , 0 , 0 , 4.74 , 0 , 20 , 0.9 , 423 , svt , 0.001269 , 4.74 , 0.3162187 , 0.0154776 , 0.001202518811 , 2.70 , 0.2807992 , 0.0245453 , 0.001269 , 4.74 , 0.3162187 , 0.0154776 , 0.001204 , 4.87 , 0.3117171 , 0.0149541 , 
1 , 0.375 , 3 , YES , 5 , 10 , OFF , OFF , Sklansky , 1 , 1 , 1 , 1 , 1 , 1 , 1 , 1 , 907 , FPMult_unq1 , FPMult , 381 , 36 , 30 , 915 , 0 , 907 , 0 , 907 , 0 , 0 , 4.76 , 0 , 20 , 0.9 , 417 , svt , 0.001314 , 4.76 , 0.3444028 , 0.0226424 , 0.001247324397 , 2.77 , 0.3042959 , 0.0295897 , 0.001314 , 4.76 , 0.3444028 , 0.0226424 , 0.001314 , 4.72 , 0.3422878 , 0.0225613 , 
1 , 0.375 , 3 , YES , 5 , 10 , OFF , OFF , Sklansky , 1 , 1 , 1 , 1 , 1 , 1 , 1 , 1 , 1267 , FPMult_unq1 , FPMult , 408 , 36 , 30 , 1291 , 0 , 1267 , 0 , 1114 , 0 , 0 , 4.76 , 0 , 20 , 0.9 , 444 , svt , 0.001432 , 4.76 , 0.2441413 , 0.0169129 , 0.001374508811 , 3.14 , 0.2906176 , 0.0266371 , 0.001432 , 4.76 , 0.2441413 , 0.0169129 , 0.001345 , 4.84 , 0.2423397 , 0.0161534 , 
1 , 0.375 , 3 , YES , 5 , 10 , OFF , OFF , Sklansky , 1 , 1 , 1 , 1 , 1 , 1 , 1 , 1 , 1059 , FPMult_unq1 , FPMult , 380 , 34 , 30 , 1062 , 0 , 1059 , 0 , 944 , 0 , 0 , 4.80 , 0 , 20 , 0.9 , 414 , svt , 0.001263 , 4.80 , 0.3128689 , 0.0154419 , 0.001198638011 , 2.70 , 0.2782123 , 0.0245158 , 0.001263 , 4.80 , 0.3128689 , 0.0154419 , 0.001204 , 5.02 , 0.3063559 , 0.0149251 , 
1 , 0.375 , 3 , YES , 5 , 10 , OFF , OFF , Sklansky , 1 , 1 , 1 , 1 , 1 , 1 , 1 , 1 , 1257 , FPMult_unq1 , FPMult , 414 , 34 , 30 , 1282 , 0 , 1257 , 0 , 1104 , 0 , 0 , 4.83 , 0 , 20 , 0.9 , 448 , svt , 0.001426 , 4.83 , 0.2414368 , 0.0169911 , 0.00137239201 , 3.08 , 0.2888022 , 0.0266055 , 0.001426 , 4.83 , 0.2414368 , 0.0169911 , 0.001345 , 4.94 , 0.236359 , 0.0161419 , 
1 , 0.375 , 3 , YES , 5 , 10 , OFF , OFF , Sklansky , 1 , 1 , 1 , 1 , 1 , 1 , 1 , 1 , 887 , FPMult_unq1 , FPMult , 377 , 35 , 30 , 887 , 0 , 887 , 0 , 866 , 0 , 0 , 4.89 , 0 , 20 , 0.9 , 412 , svt , 0.001222 , 4.89 , 0.3238927 , 0.0177316 , 0.001154890804 , 2.69 , 0.2897846 , 0.0261763 , 0.001222 , 4.89 , 0.3238927 , 0.0177316 , 0.001211 , 5.04 , 0.323105 , 0.0176097 , 
1 , 0.375 , 3 , YES , 5 , 10 , OFF , OFF , Sklansky , 1 , 1 , 1 , 1 , 1 , 1 , 1 , 1 , 900 , FPMult_unq1 , FPMult , 393 , 37 , 30 , 908 , 0 , 900 , 0 , 900 , 0 , 0 , 4.92 , 0 , 20 , 0.9 , 430 , svt , 0.001302 , 4.92 , 0.3359327 , 0.0225292 , 0.001237798797 , 3.00 , 0.2952671 , 0.0290203 , 0.001302 , 4.92 , 0.3359327 , 0.0225292 , 0.001302 , 4.88 , 0.3334311 , 0.0224693 , 
1 , 0.375 , 3 , YES , 5 , 10 , OFF , OFF , Sklansky , 1 , 1 , 1 , 1 , 1 , 1 , 1 , 1 , 886 , FPMult_unq1 , FPMult , 395 , 35 , 30 , 886 , 0 , 886 , 0 , 865 , 0 , 0 , 4.93 , 0 , 20 , 0.9 , 430 , svt , 0.001222 , 4.93 , 0.3286304 , 0.0178274 , 0.001154714404 , 2.68 , 0.2893788 , 0.0260772 , 0.001222 , 4.93 , 0.3286304 , 0.0178274 , 0.001211 , 5.23 , 0.3297478 , 0.0177302 , 
1 , 0.375 , 3 , YES , 5 , 10 , OFF , OFF , Sklansky , 1 , 1 , 1 , 1 , 1 , 1 , 1 , 1 , 885 , FPMult_unq1 , FPMult , 382 , 36 , 30 , 893 , 0 , 885 , 0 , 885 , 0 , 0 , 4.94 , 0 , 20 , 0.9 , 418 , svt , 0.001302 , 4.94 , 0.3395939 , 0.0225658 , 0.001234447197 , 3.07 , 0.2990783 , 0.0291593 , 0.001302 , 4.94 , 0.3395939 , 0.0225658 , 0.001298 , 4.66 , 0.3364135 , 0.0224745 , 
1 , 0.375 , 3 , YES , 5 , 10 , OFF , OFF , Sklansky , 1 , 1 , 1 , 1 , 1 , 1 , 1 , 1 , 888 , FPMult_unq1 , FPMult , 455 , 37 , 30 , 888 , 0 , 888 , 0 , 867 , 0 , 0 , 4.98 , 0 , 20 , 0.9 , 492 , svt , 0.001217 , 4.98 , 0.3329803 , 0.0177188 , 0.001153303204 , 2.90 , 0.2980692 , 0.026079 , 0.001217 , 4.98 , 0.3329803 , 0.0177188 , 0.001206 , 5.06 , 0.3329514 , 0.0175728 , 
1 , 0.375 , 3 , YES , 5 , 10 , OFF , OFF , Sklansky , 1 , 1 , 1 , 1 , 1 , 1 , 1 , 1 , 1059 , FPMult_unq1 , FPMult , 406 , 35 , 30 , 1062 , 0 , 1059 , 0 , 944 , 0 , 0 , 5.93 , 0 , 20 , 0.9 , 441 , svt , 0.001269 , 5.93 , 0.3097219 , 0.0154693 , 0.001198638011 , 3.96 , 0.2789688 , 0.0246136 , 0.001269 , 5.93 , 0.3097219 , 0.0154693 , 0.001204 , 5.95 , 0.3011402 , 0.0149206 , 
2 , 0.625 , 3 , YES , 5 , 10 , OFF , ON , DesignWare , 1 , 1 , 1 , 1 , 1 , 1 , 1 , 1 , 1694 , FPMult_unq1 , FPMult , 960 , 34 , 30 , 1646 , 0 , 1694 , 0 , 1695 , 0 , 0 , 0.85 , 0 , 1.07 , 0.9 , 994 , svt , 0.002518 , 0.85 , 1.0117 , 0.1178914 , 0.002605957231 , 0.70 , 0.8768653 , 0.1410779 , 0.002518 , 0.85 , 1.0117 , 0.1178914 , 0.002518 , 0.85 , 1.0065 , 0.1176898 , 
2 , 0.625 , 3 , YES , 5 , 10 , OFF , ON , DesignWare , 1 , 1 , 1 , 1 , 1 , 1 , 1 , 1 , 1389 , FPMult_unq1 , FPMult , 348 , 33 , 30 , 1289 , 0 , 1389 , 0 , 1390 , 0 , 0 , 0.96 , 0 , 1.23433495563935 , 0.9 , 381 , svt , 0.001907 , 0.96 , 0.7405648 , 0.0792095 , 0.001852729227 , 0.77 , 0.6439771 , 0.0936852 , 0.001907 , 0.96 , 0.7405648 , 0.0792095 , 0.001907 , 0.96 , 0.7465572 , 0.0792425 , 
2 , 0.625 , 3 , YES , 5 , 10 , OFF , ON , DesignWare , 1 , 1 , 1 , 1 , 1 , 1 , 1 , 1 , 1157 , FPMult_unq1 , FPMult , 314 , 33 , 30 , 1114 , 0 , 1157 , 0 , 1158 , 0 , 0 , 1.09 , 0 , 1.39778236946165 , 0.9 , 347 , svt , 0.001597 , 1.09 , 0.6086819 , 0.0596581 , 0.001500634823 , 0.86 , 0.5281548 , 0.0714411 , 0.001597 , 1.09 , 0.6086819 , 0.0596581 , 0.001597 , 1.08 , 0.6076374 , 0.0598955 , 
2 , 0.625 , 3 , YES , 5 , 10 , OFF , ON , DesignWare , 1 , 1 , 1 , 1 , 1 , 1 , 1 , 1 , 1098 , FPMult_unq1 , FPMult , 313 , 34 , 30 , 1053 , 0 , 1098 , 0 , 1098 , 0 , 0 , 1.25 , 0 , 1.58287306330542 , 0.9 , 347 , svt , 0.001428 , 1.25 , 0.5732044 , 0.0518348 , 0.00136110242 , 0.98 , 0.4988602 , 0.0627746 , 0.001428 , 1.25 , 0.5732044 , 0.0518348 , 0.001428 , 1.25 , 0.5767758 , 0.05154 , 
2 , 0.625 , 3 , YES , 5 , 10 , OFF , ON , DesignWare , 1 , 1 , 1 , 1 , 1 , 1 , 1 , 1 , 928 , FPMult_unq1 , FPMult , 289 , 34 , 30 , 926 , 0 , 928 , 0 , 927 , 0 , 0 , 1.38 , 0 , 1.79247298383287 , 0.9 , 323 , svt , 0.001407 , 1.38 , 0.5208362 , 0.0447791 , 0.001315591219 , 1.10 , 0.465312 , 0.0571989 , 0.001407 , 1.38 , 0.5208362 , 0.0447791 , 0.001407 , 1.38 , 0.5209086 , 0.044853 , 
2 , 0.625 , 3 , YES , 5 , 10 , OFF , ON , DesignWare , 1 , 1 , 1 , 1 , 1 , 1 , 1 , 1 , 849 , FPMult_unq1 , FPMult , 284 , 33 , 30 , 857 , 0 , 849 , 0 , 850 , 0 , 0 , 1.55 , 0 , 2.02982757888447 , 0.9 , 317 , svt , 0.001324 , 1.55 , 0.5015435 , 0.0426659 , 0.001251205216 , 1.24 , 0.447144 , 0.0552886 , 0.001324 , 1.55 , 0.5015435 , 0.0426659 , 0.001324 , 1.54 , 0.504128 , 0.0429707 , 
2 , 0.625 , 3 , YES , 5 , 10 , OFF , ON , DesignWare , 1 , 1 , 1 , 1 , 1 , 1 , 1 , 1 , 789 , FPMult_unq1 , FPMult , 293 , 33 , 30 , 791 , 0 , 789 , 0 , 788 , 0 , 0 , 1.76 , 0 , 2.29861205003477 , 0.9 , 326 , svt , 0.001299 , 1.76 , 0.5000128 , 0.0426755 , 0.001218218413 , 1.39 , 0.4410251 , 0.055124 , 0.001299 , 1.76 , 0.5000128 , 0.0426755 , 0.001299 , 1.76 , 0.4996593 , 0.0428927 , 
2 , 0.625 , 3 , YES , 5 , 10 , OFF , ON , DesignWare , 1 , 1 , 1 , 1 , 1 , 1 , 1 , 1 , 661 , FPMult_unq1 , FPMult , 285 , 33 , 30 , 662 , 0 , 661 , 0 , 664 , 0 , 0 , 2.00 , 0 , 2.60298825946031 , 0.9 , 318 , svt , 0.001054 , 2.00 , 0.4658668 , 0.0356587 , 0.00098872201 , 1.59 , 0.3807769 , 0.0415661 , 0.001054 , 2.00 , 0.4658668 , 0.0356587 , 0.001054 , 1.98 , 0.4647836 , 0.0357643 , 
2 , 0.625 , 3 , YES , 5 , 10 , OFF , ON , DesignWare , 1 , 1 , 1 , 1 , 1 , 1 , 1 , 1 , 663 , FPMult_unq1 , FPMult , 281 , 33 , 30 , 663 , 0 , 663 , 0 , 663 , 0 , 0 , 2.26 , 0 , 2.9476691722667 , 0.9 , 314 , svt , 0.001018 , 2.26 , 0.4449279 , 0.0324064 , 0.000963673209 , 1.80 , 0.3652714 , 0.038732 , 0.001018 , 2.26 , 0.4449279 , 0.0324064 , 0.001018 , 2.28 , 0.4457946 , 0.0322384 , 
2 , 0.625 , 3 , YES , 5 , 10 , OFF , ON , DesignWare , 1 , 1 , 1 , 1 , 1 , 1 , 1 , 1 , 664 , FPMult_unq1 , FPMult , 260 , 32 , 30 , 666 , 0 , 664 , 0 , 664 , 0 , 0 , 2.55 , 0 , 3.33799183210027 , 0.9 , 292 , svt , 0.001014 , 2.55 , 0.4365917 , 0.0307023 , 0.000959263209 , 1.98 , 0.3703581 , 0.0384422 , 0.001014 , 2.55 , 0.4365917 , 0.0307023 , 0.001014 , 2.49 , 0.4386644 , 0.0308501 , 
2 , 0.625 , 3 , YES , 5 , 10 , OFF , ON , DesignWare , 1 , 1 , 1 , 1 , 1 , 1 , 1 , 1 , 697 , FPMult_unq1 , FPMult , 301 , 35 , 30 , 705 , 0 , 697 , 0 , 699 , 0 , 0 , 2.88 , 0 , 20 , 0.9 , 336 , svt , 0.00105 , 2.88 , 0.4365564 , 0.0289157 , 0.000973022411 , 1.75 , 0.3506382 , 0.0370154 , 0.00105 , 2.88 , 0.4365564 , 0.0289157 , 0.00105 , 2.89 , 0.4369583 , 0.0290061 , 
2 , 0.625 , 3 , YES , 5 , 10 , OFF , ON , DesignWare , 1 , 1 , 1 , 1 , 1 , 1 , 1 , 1 , 664 , FPMult_unq1 , FPMult , 260 , 32 , 30 , 666 , 0 , 664 , 0 , 664 , 0 , 0 , 3.33 , 1 , 3.33799183210027 , 0.9 , 292 , svt , 0.001014 , 3.33 , 0.3532433 , 0.0228381 , 0.000959263209 , 2.61 , 0.2996712 , 0.0285487 , 0.001014 , 3.33 , 0.3532433 , 0.0228381 , 0.001014 , 3.27 , 0.3549343 , 0.0229475 , 
2 , 0.625 , 3 , YES , 5 , 10 , OFF , ON , DesignWare , 1 , 1 , 1 , 1 , 1 , 1 , 1 , 1 , 697 , FPMult_unq1 , FPMult , 301 , 35 , 30 , 705 , 0 , 697 , 0 , 699 , 0 , 0 , 3.78 , 1 , 20 , 0.9 , 336 , svt , 0.00105 , 3.78 , 0.3530526 , 0.0215149 , 0.000973022411 , 2.29 , 0.2840183 , 0.0274843 , 0.00105 , 3.78 , 0.3530526 , 0.0215149 , 0.00105 , 3.78 , 0.3533963 , 0.0215816 , 
2 , 0.625 , 3 , YES , 5 , 10 , OFF , ON , DesignWare , 1 , 1 , 1 , 1 , 1 , 1 , 1 , 1 , 697 , FPMult_unq1 , FPMult , 301 , 35 , 30 , 705 , 0 , 697 , 0 , 699 , 0 , 0 , 5.45 , 0 , 20 , 0.9 , 336 , svt , 0.00105 , 5.45 , 0.2800182 , 0.0157765 , 0.000973022411 , 3.26 , 0.2259001 , 0.020108 , 0.00105 , 5.45 , 0.2800182 , 0.0157765 , 0.00105 , 5.44 , 0.2802997 , 0.0158249 , 
0 , 0.125 , 3 , YES , 5 , 10 , OFF , OFF , DesignWare , 1 , 1 , 1 , 0 , 1 , 1 , 1 , 1 , 2881 , FPMult_unq1 , FPMult , 2299 , 34 , 30 , 2661 , 0 , 2881 , 0 , 2686 , 0 , 0 , 0.92 , 0 , 1.17 , 0.9 , 2333 , svt , 0.004444 , 0.92 , 1.6021 , 0.2018114 , 0.003877448454 , 0.74 , 1.0890 , 0.1921949 , 0.004444 , 0.92 , 1.6021 , 0.2018114 , 0.003753 , 0.94 , 1.3446 , 0.1603709 , 
0 , 0.125 , 3 , YES , 5 , 10 , OFF , OFF , DesignWare , 1 , 1 , 1 , 0 , 1 , 1 , 1 , 1 , 2671 , FPMult_unq1 , FPMult , 2215 , 37 , 30 , 2584 , 0 , 2671 , 0 , 2494 , 0 , 0 , 0.94 , 0 , 1.18 , 0.9 , 2252 , svt , 0.003858 , 0.94 , 1.4783 , 0.1708374 , 0.003769315251 , 0.74 , 1.1399 , 0.1926096 , 0.003858 , 0.94 , 1.4783 , 0.1708374 , 0.003438 , 0.93 , 1.3537 , 0.1484542 , 
0 , 0.125 , 3 , YES , 5 , 10 , OFF , OFF , DesignWare , 1 , 1 , 1 , 0 , 1 , 1 , 1 , 1 , 2899 , FPMult_unq1 , FPMult , 2354 , 36 , 30 , 2678 , 0 , 2899 , 0 , 2687 , 0 , 0 , 0.94 , 0 , 1.19 , 0.9 , 2390 , svt , 0.004249 , 0.94 , 1.5382 , 0.1855361 , 0.003656419252 , 0.74 , 1.0395 , 0.176114 , 0.004249 , 0.94 , 1.5382 , 0.1855361 , 0.003726 , 0.94 , 1.3334 , 0.1554109 , 
0 , 0.125 , 3 , YES , 5 , 10 , OFF , OFF , DesignWare , 1 , 1 , 1 , 0 , 1 , 1 , 1 , 1 , 2105 , FPMult_unq1 , FPMult , 1664 , 34 , 30 , 2032 , 0 , 2105 , 0 , 2238 , 0 , 0 , 0.96 , 0 , 1.2 , 0.9 , 1698 , svt , 0.002973 , 0.96 , 1.2572 , 0.1403853 , 0.002826280847 , 0.74 , 0.9398304 , 0.1430244 , 0.002973 , 0.96 , 1.2572 , 0.1403853 , 0.003111 , 0.96 , 1.2763 , 0.1432569 , 
0 , 0.125 , 3 , YES , 5 , 10 , OFF , OFF , DesignWare , 1 , 1 , 1 , 0 , 1 , 1 , 1 , 1 , 2451 , FPMult_unq1 , FPMult , 2000 , 37 , 30 , 2422 , 0 , 2451 , 0 , 2429 , 0 , 0 , 0.96 , 0 , 1.22 , 0.9 , 2037 , svt , 0.003341 , 0.96 , 1.2520 , 0.141657 , 0.003305736051 , 0.76 , 1.0041 , 0.1613622 , 0.003341 , 0.96 , 1.2520 , 0.141657 , 0.003125 , 0.96 , 1.1930 , 0.1311648 , 
0 , 0.125 , 3 , YES , 5 , 10 , OFF , OFF , DesignWare , 1 , 1 , 1 , 0 , 1 , 1 , 1 , 1 , 2386 , FPMult_unq1 , FPMult , 1998 , 35 , 30 , 2271 , 0 , 2386 , 0 , 2248 , 0 , 0 , 0.97 , 0 , 1.21 , 0.9 , 2033 , svt , 0.003219 , 0.97 , 1.2260 , 0.1364035 , 0.003074652046 , 0.75 , 0.9480141 , 0.146393 , 0.003219 , 0.97 , 1.2260 , 0.1364035 , 0.002933 , 0.96 , 1.1623 , 0.124101 , 
0 , 0.125 , 3 , YES , 5 , 10 , OFF , OFF , DesignWare , 1 , 1 , 1 , 0 , 1 , 1 , 1 , 1 , 2075 , FPMult_unq1 , FPMult , 1677 , 34 , 30 , 1942 , 0 , 2075 , 0 , 2102 , 0 , 0 , 0.98 , 0 , 1.24 , 0.9 , 1711 , svt , 0.002823 , 0.98 , 1.1654 , 0.1243961 , 0.002551802447 , 0.79 , 0.8388551 , 0.1258776 , 0.002823 , 0.98 , 1.1654 , 0.1243961 , 0.00288 , 0.97 , 1.1250 , 0.1277928 , 
0 , 0.125 , 3 , YES , 5 , 10 , OFF , OFF , DesignWare , 1 , 1 , 1 , 0 , 1 , 1 , 1 , 1 , 1981 , FPMult_unq1 , FPMult , 1535 , 35 , 30 , 1912 , 0 , 1981 , 0 , 1971 , 0 , 0 , 1.01 , 0 , 1.27 , 0.9 , 1570 , svt , 0.002455 , 1.01 , 1.0252 , 0.1013734 , 0.002467483241 , 0.79 , 0.8891877 , 0.118143 , 0.002455 , 1.01 , 1.0252 , 0.1013734 , 0.002511 , 1.00 , 1.0528 , 0.1043628 , 
0 , 0.125 , 3 , YES , 5 , 10 , OFF , OFF , DesignWare , 1 , 1 , 1 , 0 , 1 , 1 , 1 , 1 , 2388 , FPMult_unq1 , FPMult , 690 , 34 , 30 , 2139 , 0 , 2388 , 0 , 2170 , 0 , 0 , 1.05 , 0 , 1.34702745460976 , 0.9 , 724 , svt , 0.002895 , 1.05 , 1.0704 , 0.1156456 , 0.002715501643 , 0.83 , 0.8553873 , 0.1276637 , 0.002895 , 1.05 , 1.0704 , 0.1156456 , 0.00266 , 1.07 , 1.0013 , 0.1064336 , 
0 , 0.125 , 3 , YES , 5 , 10 , OFF , OFF , DesignWare , 1 , 1 , 1 , 0 , 1 , 1 , 1 , 1 , 2119 , FPMult_unq1 , FPMult , 641 , 33 , 30 , 1950 , 0 , 2119 , 0 , 1911 , 0 , 0 , 1.06 , 0 , 1.3368564101744 , 0.9 , 674 , svt , 0.002518 , 1.06 , 0.9805522 , 0.0986814 , 0.00241085884 , 0.83 , 0.8207781 , 0.113394 , 0.002518 , 1.06 , 0.9805522 , 0.0986814 , 0.002369 , 1.06 , 0.9496917 , 0.0956245 , 
0 , 0.125 , 3 , YES , 5 , 10 , OFF , OFF , DesignWare , 1 , 1 , 1 , 0 , 1 , 1 , 1 , 1 , 2389 , FPMult_unq1 , FPMult , 656 , 35 , 30 , 2154 , 0 , 2389 , 0 , 2162 , 0 , 0 , 1.07 , 0 , 1.35183233722951 , 0.9 , 691 , svt , 0.002883 , 1.07 , 1.0751 , 0.1160064 , 0.002764188047 , 0.84 , 0.8520348 , 0.1320631 , 0.002883 , 1.07 , 1.0751 , 0.1160064 , 0.002686 , 1.07 , 0.9613008 , 0.1056179 , 
0 , 0.125 , 3 , YES , 5 , 10 , OFF , OFF , DesignWare , 1 , 1 , 1 , 0 , 1 , 1 , 1 , 1 , 1902 , FPMult_unq1 , FPMult , 566 , 33 , 30 , 1818 , 0 , 1902 , 0 , 1791 , 0 , 0 , 1.10 , 0 , 1.39810210342961 , 0.9 , 599 , svt , 0.002264 , 1.10 , 0.8829313 , 0.0872855 , 0.002231812839 , 0.86 , 0.7613376 , 0.1018652 , 0.002264 , 1.10 , 0.8829313 , 0.0872855 , 0.0022 , 1.10 , 0.8790981 , 0.0859987 , 
0 , 0.125 , 3 , YES , 5 , 10 , OFF , OFF , DesignWare , 1 , 1 , 1 , 0 , 1 , 1 , 1 , 1 , 1679 , FPMult_unq1 , FPMult , 530 , 33 , 30 , 1575 , 0 , 1679 , 0 , 1719 , 0 , 0 , 1.14 , 0 , 1.41984093448851 , 0.9 , 563 , svt , 0.002113 , 1.14 , 0.839838 , 0.0846766 , 0.002022249638 , 0.88 , 0.6832167 , 0.0944416 , 0.002113 , 1.14 , 0.839838 , 0.0846766 , 0.002138 , 1.12 , 0.8658641 , 0.0853727 , 
0 , 0.125 , 3 , YES , 5 , 10 , OFF , OFF , DesignWare , 1 , 1 , 1 , 0 , 1 , 1 , 1 , 1 , 2076 , FPMult_unq1 , FPMult , 1617 , 35 , 30 , 1999 , 0 , 2076 , 0 , 1928 , 0 , 0 , 1.16 , 0 , 1.48 , 0.9 , 1652 , svt , 0.002483 , 1.16 , 0.9649861 , 0.092366 , 0.002514229243 , 0.92 , 0.8470607 , 0.1146364 , 0.002483 , 1.16 , 0.9649861 , 0.092366 , 0.002345 , 1.15 , 0.9277822 , 0.0860286 , 
0 , 0.125 , 3 , YES , 5 , 10 , OFF , OFF , DesignWare , 1 , 1 , 1 , 0 , 1 , 1 , 1 , 1 , 1702 , FPMult_unq1 , FPMult , 530 , 33 , 30 , 1614 , 0 , 1702 , 0 , 1670 , 0 , 0 , 1.18 , 0 , 1.5018361860709 , 0.9 , 563 , svt , 0.001979 , 1.18 , 0.8163166 , 0.071817 , 0.001916233235 , 0.93 , 0.6889994 , 0.0858441 , 0.001979 , 1.18 , 0.8163166 , 0.071817 , 0.001985 , 1.18 , 0.7982692 , 0.0748928 , 
0 , 0.125 , 3 , YES , 5 , 10 , OFF , OFF , DesignWare , 1 , 1 , 1 , 0 , 1 , 1 , 1 , 1 , 1637 , FPMult_unq1 , FPMult , 513 , 34 , 30 , 1521 , 0 , 1637 , 0 , 1576 , 0 , 0 , 1.20 , 0 , 1.53555669376396 , 0.9 , 547 , svt , 0.00192 , 1.20 , 0.7718629 , 0.0686218 , 0.001741950036 , 0.94 , 0.6165857 , 0.07389 , 0.00192 , 1.20 , 0.7718629 , 0.0686218 , 0.001845 , 1.20 , 0.7385432 , 0.0646988 , 
0 , 0.125 , 3 , YES , 5 , 10 , OFF , OFF , DesignWare , 1 , 1 , 1 , 0 , 1 , 1 , 1 , 1 , 1840 , FPMult_unq1 , FPMult , 541 , 34 , 30 , 1749 , 0 , 1840 , 0 , 1745 , 0 , 0 , 1.21 , 0 , 1.5228755566495 , 0.9 , 575 , svt , 0.002248 , 1.21 , 0.8540252 , 0.0830004 , 0.00200072884 , 0.94 , 0.6446124 , 0.0882369 , 0.002248 , 1.21 , 0.8540252 , 0.0830004 , 0.002127 , 1.20 , 0.7963068 , 0.0783703 , 
0 , 0.125 , 3 , YES , 5 , 10 , OFF , OFF , DesignWare , 1 , 1 , 1 , 0 , 1 , 1 , 1 , 1 , 1500 , FPMult_unq1 , FPMult , 460 , 33 , 30 , 1412 , 0 , 1500 , 0 , 1495 , 0 , 0 , 1.22 , 0 , 1.57495959316345 , 0.9 , 493 , svt , 0.001882 , 1.22 , 0.7139538 , 0.0669623 , 0.001776877236 , 0.97 , 0.6058524 , 0.0800937 , 0.001882 , 1.22 , 0.7139538 , 0.0669623 , 0.001841 , 1.23 , 0.7212501 , 0.0649919 , 
0 , 0.125 , 3 , YES , 5 , 10 , OFF , OFF , DesignWare , 1 , 1 , 1 , 0 , 1 , 1 , 1 , 1 , 1613 , FPMult_unq1 , FPMult , 513 , 34 , 30 , 1534 , 0 , 1613 , 0 , 1483 , 0 , 0 , 1.22 , 0 , 1.56375159329145 , 0.9 , 547 , svt , 0.001932 , 1.22 , 0.7678378 , 0.0679818 , 0.001760119238 , 0.96 , 0.6064753 , 0.0753572 , 0.001932 , 1.22 , 0.7678378 , 0.0679818 , 0.001822 , 1.23 , 0.7395027 , 0.0633963 , 
0 , 0.125 , 3 , YES , 5 , 10 , OFF , OFF , DesignWare , 1 , 1 , 1 , 0 , 1 , 1 , 1 , 1 , 1882 , FPMult_unq1 , FPMult , 555 , 35 , 30 , 1794 , 0 , 1882 , 0 , 1726 , 0 , 0 , 1.22 , 0 , 1.52477559955667 , 0.9 , 590 , svt , 0.002228 , 1.22 , 0.8487055 , 0.0843387 , 0.002145906038 , 0.94 , 0.6951536 , 0.09617 , 0.002228 , 1.22 , 0.8487055 , 0.0843387 , 0.002114 , 1.20 , 0.7980417 , 0.0773933 , 
0 , 0.125 , 3 , YES , 5 , 10 , OFF , OFF , DesignWare , 1 , 1 , 1 , 0 , 1 , 1 , 1 , 1 , 2035 , FPMult_unq1 , FPMult , 1703 , 34 , 30 , 1995 , 0 , 2035 , 0 , 1982 , 0 , 0 , 1.33 , 0 , 1.68 , 0.9 , 1737 , svt , 0.002706 , 1.33 , 1.1100 , 0.1150236 , 0.002682691246 , 1.09 , 0.9032358 , 0.1327485 , 0.002706 , 1.33 , 1.1100 , 0.1150236 , 0.002535 , 1.33 , 1.0344 , 0.1040619 , 
0 , 0.125 , 3 , YES , 5 , 10 , OFF , OFF , DesignWare , 1 , 1 , 1 , 0 , 1 , 1 , 1 , 1 , 1626 , FPMult_unq1 , FPMult , 504 , 34 , 30 , 1615 , 0 , 1626 , 0 , 1550 , 0 , 0 , 1.34 , 0 , 1.7259786510268 , 0.9 , 538 , svt , 0.001963 , 1.34 , 0.7321241 , 0.0671087 , 0.001882717239 , 1.06 , 0.6141552 , 0.0783296 , 0.001963 , 1.34 , 0.7321241 , 0.0671087 , 0.001938 , 1.36 , 0.7317551 , 0.0678399 , 
0 , 0.125 , 3 , YES , 5 , 10 , OFF , OFF , DesignWare , 1 , 1 , 1 , 0 , 1 , 1 , 1 , 1 , 1681 , FPMult_unq1 , FPMult , 497 , 34 , 30 , 1578 , 0 , 1681 , 0 , 1583 , 0 , 0 , 1.35 , 0 , 1.71556035254598 , 0.9 , 531 , svt , 0.001962 , 1.35 , 0.6955191 , 0.0647741 , 0.001814626838 , 1.05 , 0.5770143 , 0.0745776 , 0.001962 , 1.35 , 0.6955191 , 0.0647741 , 0.001955 , 1.35 , 0.7110621 , 0.0663601 , 
0 , 0.125 , 3 , YES , 5 , 10 , OFF , OFF , DesignWare , 1 , 1 , 1 , 0 , 1 , 1 , 1 , 1 , 1270 , FPMult_unq1 , FPMult , 441 , 33 , 30 , 1249 , 0 , 1270 , 0 , 1154 , 0 , 0 , 1.48 , 0 , 1.91701980468562 , 0.9 , 474 , svt , 0.001565 , 1.48 , 0.6011134 , 0.0474834 , 0.001532563233 , 1.17 , 0.5290468 , 0.0631791 , 0.001565 , 1.48 , 0.6011134 , 0.0474834 , 0.001513 , 1.48 , 0.6100839 , 0.048411 , 
0 , 0.125 , 3 , YES , 5 , 10 , OFF , OFF , DesignWare , 1 , 1 , 1 , 0 , 1 , 1 , 1 , 1 , 1540 , FPMult_unq1 , FPMult , 472 , 33 , 30 , 1529 , 0 , 1540 , 0 , 1433 , 0 , 0 , 1.50 , 0 , 1.93262496753376 , 0.9 , 505 , svt , 0.001816 , 1.50 , 0.6292394 , 0.053298 , 0.001778817637 , 1.18 , 0.579134 , 0.0735334 , 0.001816 , 1.50 , 0.6292394 , 0.053298 , 0.001784 , 1.50 , 0.6497465 , 0.0550222 , 
0 , 0.125 , 3 , YES , 5 , 10 , OFF , OFF , DesignWare , 1 , 1 , 1 , 0 , 1 , 1 , 1 , 1 , 1571 , FPMult_unq1 , FPMult , 486 , 34 , 30 , 1517 , 0 , 1571 , 0 , 1456 , 0 , 0 , 1.51 , 0 , 1.95373162101126 , 0.9 , 520 , svt , 0.001846 , 1.51 , 0.6523342 , 0.0541658 , 0.001746007236 , 1.20 , 0.5554656 , 0.0695269 , 0.001846 , 1.51 , 0.6523342 , 0.0541658 , 0.001796 , 1.51 , 0.6438119 , 0.0563447 , 
0 , 0.125 , 3 , YES , 5 , 10 , OFF , OFF , DesignWare , 1 , 1 , 1 , 0 , 1 , 1 , 1 , 1 , 1122 , FPMult_unq1 , FPMult , 412 , 34 , 30 , 1105 , 0 , 1122 , 0 , 1102 , 0 , 0 , 1.52 , 0 , 1.95983835097858 , 0.9 , 446 , svt , 0.001476 , 1.52 , 0.5956161 , 0.0445752 , 0.001425488429 , 1.20 , 0.5242874 , 0.0576477 , 0.001476 , 1.52 , 0.5956161 , 0.0445752 , 0.001476 , 1.51 , 0.5998091 , 0.0444798 , 
0 , 0.125 , 3 , YES , 5 , 10 , OFF , OFF , DesignWare , 1 , 1 , 1 , 0 , 1 , 1 , 1 , 1 , 1278 , FPMult_unq1 , FPMult , 428 , 34 , 30 , 1276 , 0 , 1278 , 0 , 1185 , 0 , 0 , 1.54 , 0 , 1.95625523641724 , 0.9 , 462 , svt , 0.00156 , 1.54 , 0.5902213 , 0.0458815 , 0.001506985234 , 1.20 , 0.5167371 , 0.0602544 , 0.00156 , 1.54 , 0.5902213 , 0.0458815 , 0.001519 , 1.52 , 0.5865757 , 0.0464617 , 
0 , 0.125 , 3 , YES , 5 , 10 , OFF , OFF , DesignWare , 1 , 1 , 1 , 0 , 1 , 1 , 1 , 1 , 1469 , FPMult_unq1 , FPMult , 480 , 34 , 30 , 1390 , 0 , 1469 , 0 , 1386 , 0 , 0 , 1.60 , 0 , 2.04914914383536 , 0.9 , 514 , svt , 0.001641 , 1.60 , 0.6276752 , 0.0485959 , 0.00153097563 , 1.26 , 0.4998469 , 0.0591026 , 0.001641 , 1.60 , 0.6276752 , 0.0485959 , 0.0016 , 1.61 , 0.6180317 , 0.0467069 , 
0 , 0.125 , 3 , YES , 5 , 10 , OFF , OFF , DesignWare , 1 , 1 , 1 , 0 , 1 , 1 , 1 , 1 , 1049 , FPMult_unq1 , FPMult , 418 , 35 , 30 , 1041 , 0 , 1049 , 0 , 1032 , 0 , 0 , 1.68 , 0 , 2.17584466357321 , 0.9 , 453 , svt , 0.001438 , 1.68 , 0.5733466 , 0.0427704 , 0.001388973628 , 1.33 , 0.5143766 , 0.0578501 , 0.001438 , 1.68 , 0.5733466 , 0.0427704 , 0.001432 , 1.68 , 0.5789958 , 0.0428171 , 
0 , 0.125 , 3 , YES , 5 , 10 , OFF , OFF , DesignWare , 1 , 1 , 1 , 0 , 1 , 1 , 1 , 1 , 1486 , FPMult_unq1 , FPMult , 450 , 34 , 30 , 1467 , 0 , 1486 , 0 , 1369 , 0 , 0 , 1.68 , 0 , 2.17715410570772 , 0.9 , 484 , svt , 0.001753 , 1.68 , 0.613821 , 0.049628 , 0.001680386435 , 1.33 , 0.5360593 , 0.0675978 , 0.001753 , 1.68 , 0.613821 , 0.049628 , 0.001704 , 1.68 , 0.617152 , 0.0496924 , 
0 , 0.125 , 3 , YES , 5 , 10 , OFF , OFF , DesignWare , 1 , 1 , 1 , 0 , 1 , 1 , 1 , 1 , 939 , FPMult_unq1 , FPMult , 429 , 38 , 30 , 932 , 0 , 939 , 0 , 916 , 0 , 0 , 1.83 , 0 , 2.37590641478286 , 0.9 , 467 , svt , 0.001394 , 1.83 , 0.5517601 , 0.0447228 , 0.001352282418 , 1.44 , 0.5058715 , 0.0601669 , 0.001394 , 1.83 , 0.5517601 , 0.0447228 , 0.001383 , 1.82 , 0.5494999 , 0.0446096 , 
0 , 0.125 , 3 , YES , 5 , 10 , OFF , OFF , DesignWare , 1 , 1 , 1 , 0 , 1 , 1 , 1 , 1 , 984 , FPMult_unq1 , FPMult , 404 , 33 , 30 , 970 , 0 , 984 , 0 , 958 , 0 , 0 , 1.85 , 0 , 2.41565841266249 , 0.9 , 437 , svt , 0.001416 , 1.85 , 0.5599152 , 0.0435151 , 0.001351929622 , 1.47 , 0.5026756 , 0.057764 , 0.001416 , 1.85 , 0.5599152 , 0.0435151 , 0.001405 , 1.85 , 0.5620176 , 0.0426495 , 
0 , 0.125 , 3 , YES , 5 , 10 , OFF , OFF , DesignWare , 1 , 1 , 1 , 0 , 1 , 1 , 1 , 1 , 1437 , FPMult_unq1 , FPMult , 441 , 33 , 30 , 1431 , 0 , 1437 , 0 , 1296 , 0 , 0 , 1.89 , 0 , 2.45262276935641 , 0.9 , 474 , svt , 0.001697 , 1.89 , 0.5872217 , 0.0472072 , 0.001631170832 , 1.49 , 0.5063381 , 0.0629785 , 0.001697 , 1.89 , 0.5872217 , 0.0472072 , 0.001642 , 1.88 , 0.6017155 , 0.0478882 , 
0 , 0.125 , 3 , YES , 5 , 10 , OFF , OFF , DesignWare , 1 , 1 , 1 , 0 , 1 , 1 , 1 , 1 , 978 , FPMult_unq1 , FPMult , 1447 , 34 , 30 , 982 , 0 , 978 , 0 , 983 , 0 , 0 , 1.92 , 0 , 2.52 , 0.9 , 1481 , svt , 0.001488 , 1.92 , 0.5558994 , 0.0496535 , 0.001414375219 , 1.53 , 0.4991112 , 0.0609507 , 0.001488 , 1.92 , 0.5558994 , 0.0496535 , 0.00148 , 1.92 , 0.5611939 , 0.048002 , 
0 , 0.125 , 3 , YES , 5 , 10 , OFF , OFF , DesignWare , 1 , 1 , 1 , 0 , 1 , 1 , 1 , 1 , 1447 , FPMult_unq1 , FPMult , 444 , 35 , 30 , 1425 , 0 , 1447 , 0 , 1292 , 0 , 0 , 1.92 , 0 , 2.50336328050443 , 0.9 , 479 , svt , 0.001673 , 1.92 , 0.5652643 , 0.0428897 , 0.001578780032 , 1.52 , 0.4750931 , 0.0570432 , 0.001673 , 1.92 , 0.5652643 , 0.0428897 , 0.001592 , 1.92 , 0.5616024 , 0.0423195 , 
0 , 0.125 , 3 , YES , 5 , 10 , OFF , OFF , DesignWare , 1 , 1 , 1 , 0 , 1 , 1 , 1 , 1 , 909 , FPMult_unq1 , FPMult , 378 , 35 , 30 , 925 , 0 , 909 , 0 , 906 , 0 , 0 , 1.99 , 0 , 2.60116616710121 , 0.9 , 413 , svt , 0.001436 , 1.99 , 0.5535892 , 0.0503727 , 0.001374156012 , 1.58 , 0.484296 , 0.0600369 , 0.001436 , 1.99 , 0.5535892 , 0.0503727 , 0.001424 , 1.98 , 0.5355896 , 0.0478586 , 
0 , 0.125 , 3 , YES , 5 , 10 , OFF , OFF , DesignWare , 1 , 1 , 1 , 0 , 1 , 1 , 1 , 1 , 1065 , FPMult_unq1 , FPMult , 412 , 33 , 30 , 1051 , 0 , 1065 , 0 , 952 , 0 , 0 , 2.07 , 0 , 2.68727165572946 , 0.9 , 445 , svt , 0.001397 , 2.07 , 0.5261678 , 0.0406293 , 0.00132758642 , 1.63 , 0.4613163 , 0.0537011 , 0.001397 , 2.07 , 0.5261678 , 0.0406293 , 0.001333 , 2.09 , 0.5320646 , 0.0406175 , 
0 , 0.125 , 3 , YES , 5 , 10 , OFF , OFF , DesignWare , 1 , 1 , 1 , 0 , 1 , 1 , 1 , 1 , 883 , FPMult_unq1 , FPMult , 377 , 34 , 30 , 874 , 0 , 883 , 0 , 861 , 0 , 0 , 2.08 , 0 , 2.68190356800751 , 0.9 , 411 , svt , 0.001328 , 2.08 , 0.5496556 , 0.0421332 , 0.001267434015 , 1.62 , 0.4856881 , 0.054485 , 0.001328 , 2.08 , 0.5496556 , 0.0421332 , 0.001323 , 2.06 , 0.5481678 , 0.0411398 , 
0 , 0.125 , 3 , YES , 5 , 10 , OFF , OFF , DesignWare , 1 , 1 , 1 , 0 , 1 , 1 , 1 , 1 , 1061 , FPMult_unq1 , FPMult , 406 , 34 , 30 , 1059 , 0 , 1061 , 0 , 962 , 0 , 0 , 2.09 , 0 , 2.73723538547163 , 0.9 , 440 , svt , 0.001397 , 2.09 , 0.5291588 , 0.0401167 , 0.001327410021 , 1.66 , 0.4653667 , 0.0537989 , 0.001397 , 2.09 , 0.5291588 , 0.0401167 , 0.00135 , 2.09 , 0.5347122 , 0.0405939 , 
0 , 0.125 , 3 , YES , 5 , 10 , OFF , OFF , DesignWare , 1 , 1 , 1 , 0 , 1 , 1 , 1 , 1 , 1306 , FPMult_unq1 , FPMult , 413 , 34 , 30 , 1304 , 0 , 1306 , 0 , 1163 , 0 , 0 , 2.11 , 0 , 2.76294564220116 , 0.9 , 447 , svt , 0.001605 , 2.11 , 0.5561922 , 0.042029 , 0.001534856424 , 1.68 , 0.4924796 , 0.0593204 , 0.001605 , 2.11 , 0.5561922 , 0.042029 , 0.001537 , 2.12 , 0.5652028 , 0.0438186 , 
0 , 0.125 , 3 , YES , 5 , 10 , OFF , OFF , DesignWare , 1 , 1 , 1 , 0 , 1 , 1 , 1 , 1 , 805 , FPMult_unq1 , FPMult , 375 , 34 , 30 , 787 , 0 , 805 , 0 , 782 , 0 , 0 , 2.12 , 0 , 2.75268019965624 , 0.9 , 409 , svt , 0.001278 , 2.12 , 0.5336689 , 0.0495486 , 0.001189817992 , 1.67 , 0.4498596 , 0.0534897 , 0.001278 , 2.12 , 0.5336689 , 0.0495486 , 0.001253 , 2.11 , 0.5229164 , 0.0459702 , 
0 , 0.125 , 3 , YES , 5 , 10 , OFF , OFF , DesignWare , 1 , 1 , 1 , 0 , 1 , 1 , 1 , 1 , 770 , FPMult_unq1 , FPMult , 388 , 33 , 30 , 767 , 0 , 770 , 0 , 765 , 0 , 0 , 2.13 , 0 , 2.77142549728758 , 0.9 , 421 , svt , 0.001237 , 2.13 , 0.5088004 , 0.045942 , 0.001182409192 , 1.69 , 0.4450154 , 0.0536966 , 0.001237 , 2.13 , 0.5088004 , 0.045942 , 0.001237 , 2.12 , 0.5074149 , 0.0459845 , 
0 , 0.125 , 3 , YES , 5 , 10 , OFF , OFF , DesignWare , 1 , 1 , 1 , 0 , 1 , 1 , 1 , 1 , 771 , FPMult_unq1 , FPMult , 390 , 33 , 30 , 768 , 0 , 771 , 0 , 764 , 0 , 0 , 2.19 , 0 , 2.86068977705798 , 0.9 , 423 , svt , 0.001233 , 2.19 , 0.5060675 , 0.0455949 , 0.001178175592 , 1.74 , 0.4493102 , 0.0542846 , 0.001233 , 2.19 , 0.5060675 , 0.0455949 , 0.001237 , 2.20 , 0.5039666 , 0.0450489 , 
0 , 0.125 , 3 , YES , 5 , 10 , OFF , OFF , DesignWare , 1 , 1 , 1 , 0 , 1 , 1 , 1 , 1 , 773 , FPMult_unq1 , FPMult , 391 , 34 , 30 , 768 , 0 , 773 , 0 , 780 , 0 , 0 , 2.28 , 0 , 2.95282915184743 , 0.9 , 425 , svt , 0.001233 , 2.28 , 0.4995481 , 0.0448514 , 0.00116618039 , 1.81 , 0.4298965 , 0.0511828 , 0.001233 , 2.28 , 0.4995481 , 0.0448514 , 0.001237 , 2.25 , 0.5020021 , 0.04531 , 
0 , 0.125 , 3 , YES , 5 , 10 , OFF , OFF , DesignWare , 1 , 1 , 1 , 0 , 1 , 1 , 1 , 1 , 773 , FPMult_unq1 , FPMult , 372 , 36 , 30 , 771 , 0 , 773 , 0 , 773 , 0 , 0 , 2.33 , 0 , 3.04793622500623 , 0.9 , 408 , svt , 0.001233 , 2.33 , 0.5103601 , 0.0446154 , 0.001166003991 , 1.85 , 0.4344161 , 0.051521 , 0.001233 , 2.33 , 0.5103601 , 0.0446154 , 0.001233 , 2.33 , 0.4968654 , 0.0442932 , 
0 , 0.125 , 3 , YES , 5 , 10 , OFF , OFF , DesignWare , 1 , 1 , 1 , 0 , 1 , 1 , 1 , 1 , 1167 , FPMult_unq1 , FPMult , 392 , 34 , 30 , 1151 , 0 , 1167 , 0 , 1009 , 0 , 0 , 2.40 , 0 , 3.11253272094573 , 0.9 , 426 , svt , 0.001395 , 2.40 , 0.5192606 , 0.0377334 , 0.001311534004 , 1.90 , 0.4240236 , 0.0485015 , 0.001395 , 2.40 , 0.5192606 , 0.0377334 , 0.001308 , 2.39 , 0.5087405 , 0.0365862 , 
0 , 0.125 , 3 , YES , 5 , 10 , OFF , OFF , DesignWare , 1 , 1 , 1 , 0 , 1 , 1 , 1 , 1 , 767 , FPMult_unq1 , FPMult , 378 , 34 , 30 , 767 , 0 , 767 , 0 , 765 , 0 , 0 , 2.41 , 0 , 3.14610658252714 , 0.9 , 412 , svt , 0.001229 , 2.41 , 0.5003293 , 0.0439772 , 0.00116088839 , 1.86 , 0.4314198 , 0.0507799 , 0.001229 , 2.41 , 0.5003293 , 0.0439772 , 0.001229 , 2.39 , 0.4963358 , 0.0443133 , 
0 , 0.125 , 3 , YES , 5 , 10 , OFF , OFF , DesignWare , 1 , 1 , 1 , 0 , 1 , 1 , 1 , 1 , 764 , FPMult_unq1 , FPMult , 372 , 33 , 30 , 771 , 0 , 764 , 0 , 765 , 0 , 0 , 2.48 , 0 , 3.2474388891127 , 0.9 , 405 , svt , 0.001229 , 2.48 , 0.5016952 , 0.0441771 , 0.001166533191 , 1.85 , 0.4371604 , 0.0512063 , 0.001229 , 2.48 , 0.5016952 , 0.0441771 , 0.001229 , 2.47 , 0.4986937 , 0.0440936 , 
0 , 0.125 , 3 , YES , 5 , 10 , OFF , OFF , DesignWare , 1 , 1 , 1 , 0 , 1 , 1 , 1 , 1 , 771 , FPMult_unq1 , FPMult , 364 , 34 , 30 , 770 , 0 , 771 , 0 , 753 , 0 , 0 , 2.52 , 0 , 3.30566187398671 , 0.9 , 398 , svt , 0.001148 , 2.52 , 0.5016422 , 0.0349913 , 0.001087329598 , 1.98 , 0.4351677 , 0.045763 , 0.001148 , 2.52 , 0.5016422 , 0.0349913 , 0.001143 , 2.52 , 0.5025437 , 0.0347345 , 
0 , 0.125 , 3 , YES , 5 , 10 , OFF , OFF , DesignWare , 1 , 1 , 1 , 0 , 1 , 1 , 1 , 1 , 978 , FPMult_unq1 , FPMult , 1447 , 34 , 30 , 982 , 0 , 978 , 0 , 983 , 0 , 0 , 2.52 , 1 , 2.52 , 0.9 , 1481 , svt , 0.001488 , 2.52 , 0.4499894 , 0.0369205 , 0.001414375219 , 2.02 , 0.4038588 , 0.0452496 , 0.001488 , 2.52 , 0.4499894 , 0.0369205 , 0.00148 , 2.52 , 0.454242 , 0.0356946 , 
0 , 0.125 , 3 , YES , 5 , 10 , OFF , OFF , DesignWare , 1 , 1 , 1 , 0 , 1 , 1 , 1 , 1 , 765 , FPMult_unq1 , FPMult , 373 , 33 , 30 , 771 , 0 , 765 , 0 , 765 , 0 , 0 , 2.57 , 0 , 3.35203498733679 , 0.9 , 406 , svt , 0.001229 , 2.57 , 0.5004667 , 0.0439153 , 0.001166180391 , 1.90 , 0.4367634 , 0.0510123 , 0.001229 , 2.57 , 0.5004667 , 0.0439153 , 0.001229 , 2.57 , 0.4985331 , 0.0434538 , 
0 , 0.125 , 3 , YES , 5 , 10 , OFF , OFF , DesignWare , 1 , 1 , 1 , 0 , 1 , 1 , 1 , 1 , 785 , FPMult_unq1 , FPMult , 402 , 35 , 30 , 792 , 0 , 785 , 0 , 784 , 0 , 0 , 2.58 , 0 , 20 , 0.9 , 437 , svt , 0.001237 , 2.58 , 0.5138802 , 0.0430251 , 0.001172530792 , 1.70 , 0.4289612 , 0.0504996 , 0.001237 , 2.58 , 0.5138802 , 0.0430251 , 0.001233 , 2.58 , 0.5102585 , 0.0429011 , 
0 , 0.125 , 3 , YES , 5 , 10 , OFF , OFF , DesignWare , 1 , 1 , 1 , 0 , 1 , 1 , 1 , 1 , 1148 , FPMult_unq1 , FPMult , 387 , 35 , 30 , 1154 , 0 , 1148 , 0 , 994 , 0 , 0 , 2.65 , 0 , 3.50635198571616 , 0.9 , 422 , svt , 0.001376 , 2.65 , 0.5046419 , 0.0355171 , 0.001308711604 , 1.97 , 0.4221289 , 0.0468576 , 0.001376 , 2.65 , 0.5046419 , 0.0355171 , 0.001296 , 2.64 , 0.49869 , 0.0337204 , 
0 , 0.125 , 3 , YES , 5 , 10 , OFF , OFF , DesignWare , 1 , 1 , 1 , 0 , 1 , 1 , 1 , 1 , 762 , FPMult_unq1 , FPMult , 371 , 34 , 30 , 770 , 0 , 762 , 0 , 762 , 0 , 0 , 2.66 , 0 , 20 , 0.9 , 405 , svt , 0.001221 , 2.66 , 0.5054965 , 0.0429005 , 0.001159653592 , 1.77 , 0.421993 , 0.0501317 , 0.001221 , 2.66 , 0.5054965 , 0.0429005 , 0.001221 , 2.68 , 0.5014052 , 0.042736 , 
0 , 0.125 , 3 , YES , 5 , 10 , OFF , OFF , DesignWare , 1 , 1 , 1 , 0 , 1 , 1 , 1 , 1 , 948 , FPMult_unq1 , FPMult , 423 , 38 , 30 , 947 , 0 , 948 , 0 , 846 , 0 , 0 , 2.67 , 0 , 3.48513070065504 , 0.9 , 461 , svt , 0.001193 , 2.67 , 0.4734771 , 0.0317322 , 0.001146776407 , 2.13 , 0.4023541 , 0.0436867 , 0.001193 , 2.67 , 0.4734771 , 0.0317322 , 0.001146 , 2.66 , 0.4627546 , 0.0301903 , 
0 , 0.125 , 3 , YES , 5 , 10 , OFF , OFF , DesignWare , 1 , 1 , 1 , 0 , 1 , 1 , 1 , 1 , 762 , FPMult_unq1 , FPMult , 366 , 34 , 30 , 770 , 0 , 762 , 0 , 762 , 0 , 0 , 2.78 , 0 , 20 , 0.9 , 400 , svt , 0.001221 , 2.78 , 0.5115315 , 0.0428863 , 0.001159653592 , 1.84 , 0.4245588 , 0.0504272 , 0.001221 , 2.78 , 0.5115315 , 0.0428863 , 0.001221 , 2.73 , 0.5079865 , 0.0426647 , 
0 , 0.125 , 3 , YES , 5 , 10 , OFF , OFF , DesignWare , 1 , 1 , 1 , 0 , 1 , 1 , 1 , 1 , 765 , FPMult_unq1 , FPMult , 384 , 35 , 30 , 765 , 0 , 765 , 0 , 744 , 0 , 0 , 2.80 , 0 , 20 , 0.9 , 419 , svt , 0.001143 , 2.80 , 0.5015717 , 0.0338696 , 0.001081155599 , 1.82 , 0.4264241 , 0.0454879 , 0.001143 , 2.80 , 0.5015717 , 0.0338696 , 0.001132 , 2.88 , 0.5035333 , 0.0337343 , 
0 , 0.125 , 3 , YES , 5 , 10 , OFF , OFF , DesignWare , 1 , 1 , 1 , 0 , 1 , 1 , 1 , 1 , 756 , FPMult_unq1 , FPMult , 369 , 36 , 30 , 756 , 0 , 756 , 0 , 736 , 0 , 0 , 2.92 , 0 , 20 , 0.9 , 405 , svt , 0.001143 , 2.92 , 0.4870878 , 0.0339356 , 0.001079391598 , 1.89 , 0.4072488 , 0.0455219 , 0.001143 , 2.92 , 0.4870878 , 0.0339356 , 0.001132 , 2.86 , 0.4824246 , 0.033822 , 
0 , 0.125 , 3 , YES , 5 , 10 , OFF , OFF , DesignWare , 1 , 1 , 1 , 0 , 1 , 1 , 1 , 1 , 1144 , FPMult_unq1 , FPMult , 446 , 36 , 30 , 1158 , 0 , 1144 , 0 , 992 , 0 , 0 , 3.02 , 0 , 40 , 0.9 , 482 , svt , 0.00137 , 3.02 , 0.502252 , 0.0330555 , 0.001301832005 , 1.93 , 0.409738 , 0.0462994 , 0.00137 , 3.02 , 0.502252 , 0.0330555 , 0.001284 , 3.11 , 0.4923587 , 0.0315035 , 
0 , 0.125 , 3 , YES , 5 , 10 , OFF , OFF , DesignWare , 1 , 1 , 1 , 0 , 1 , 1 , 1 , 1 , 1151 , FPMult_unq1 , FPMult , 388 , 34 , 30 , 1165 , 0 , 1151 , 0 , 998 , 0 , 0 , 3.14 , 0 , 20 , 0.9 , 422 , svt , 0.00137 , 3.14 , 0.5021863 , 0.0329123 , 0.001302714005 , 1.93 , 0.4090497 , 0.0459319 , 0.00137 , 3.14 , 0.5021863 , 0.0329123 , 0.001284 , 3.18 , 0.4913367 , 0.0314154 , 
0 , 0.125 , 3 , YES , 5 , 10 , OFF , OFF , DesignWare , 1 , 1 , 1 , 0 , 1 , 1 , 1 , 1 , 764 , FPMult_unq1 , FPMult , 368 , 36 , 30 , 772 , 0 , 764 , 0 , 764 , 0 , 0 , 3.25 , 0 , 20 , 0.9 , 404 , svt , 0.001221 , 3.25 , 0.5682167 , 0.0430173 , 0.001160182792 , 2.24 , 0.473913 , 0.0506298 , 0.001221 , 3.25 , 0.5682167 , 0.0430173 , 0.001221 , 3.35 , 0.5659766 , 0.0428356 , 
0 , 0.125 , 3 , YES , 5 , 10 , OFF , OFF , DesignWare , 1 , 1 , 1 , 0 , 1 , 1 , 1 , 1 , 934 , FPMult_unq1 , FPMult , 388 , 37 , 30 , 937 , 0 , 934 , 0 , 821 , 0 , 0 , 3.30 , 0 , 20 , 0.9 , 425 , svt , 0.001187 , 3.30 , 0.4643944 , 0.0298621 , 0.001126666806 , 2.23 , 0.3867652 , 0.0421085 , 0.001187 , 3.30 , 0.4643944 , 0.0298621 , 0.001129 , 3.30 , 0.4558403 , 0.0289643 , 
0 , 0.125 , 3 , YES , 5 , 10 , OFF , OFF , DesignWare , 1 , 1 , 1 , 0 , 1 , 1 , 1 , 1 , 762 , FPMult_unq1 , FPMult , 371 , 34 , 30 , 770 , 0 , 762 , 0 , 762 , 0 , 0 , 3.46 , 1 , 20 , 0.9 , 405 , svt , 0.001221 , 3.46 , 0.4094363 , 0.0319268 , 0.001159653592 , 2.31 , 0.3423518 , 0.0372552 , 0.001221 , 3.46 , 0.4094363 , 0.0319268 , 0.001221 , 3.49 , 0.4061537 , 0.0318047 , 
0 , 0.125 , 3 , YES , 5 , 10 , OFF , OFF , DesignWare , 1 , 1 , 1 , 0 , 1 , 1 , 1 , 1 , 1148 , FPMult_unq1 , FPMult , 387 , 35 , 30 , 1154 , 0 , 1148 , 0 , 994 , 0 , 0 , 3.46 , 1 , 3.50635198571616 , 0.9 , 422 , svt , 0.001376 , 3.46 , 0.4084203 , 0.0264582 , 0.001308711604 , 2.58 , 0.341971 , 0.0348169 , 0.001376 , 3.46 , 0.4084203 , 0.0264582 , 0.001296 , 3.46 , 0.4036954 , 0.0251218 , 
0 , 0.125 , 3 , YES , 5 , 10 , OFF , OFF , DesignWare , 1 , 1 , 1 , 0 , 1 , 1 , 1 , 1 , 762 , FPMult_unq1 , FPMult , 366 , 34 , 30 , 770 , 0 , 762 , 0 , 762 , 0 , 0 , 3.61 , 1 , 20 , 0.9 , 400 , svt , 0.001221 , 3.61 , 0.4142987 , 0.0319133 , 0.001159653592 , 2.40 , 0.3443806 , 0.0374697 , 0.001221 , 3.61 , 0.4142987 , 0.0319133 , 0.001221 , 3.56 , 0.4114492 , 0.0317496 , 
0 , 0.125 , 3 , YES , 5 , 10 , OFF , OFF , DesignWare , 1 , 1 , 1 , 0 , 1 , 1 , 1 , 1 , 765 , FPMult_unq1 , FPMult , 384 , 35 , 30 , 765 , 0 , 765 , 0 , 744 , 0 , 0 , 3.67 , 1 , 20 , 0.9 , 419 , svt , 0.001143 , 3.67 , 0.4062366 , 0.0252332 , 0.001081155599 , 2.38 , 0.3456689 , 0.0338005 , 0.001143 , 3.67 , 0.4062366 , 0.0252332 , 0.001132 , 3.76 , 0.4078242 , 0.025132 , 
0 , 0.125 , 3 , YES , 5 , 10 , OFF , OFF , DesignWare , 1 , 1 , 1 , 0 , 1 , 1 , 1 , 1 , 756 , FPMult_unq1 , FPMult , 369 , 36 , 30 , 756 , 0 , 756 , 0 , 736 , 0 , 0 , 3.81 , 1 , 20 , 0.9 , 405 , svt , 0.001143 , 3.81 , 0.394469 , 0.0252856 , 0.001079391598 , 2.47 , 0.3301366 , 0.0338269 , 0.001143 , 3.81 , 0.394469 , 0.0252856 , 0.001132 , 3.73 , 0.3907093 , 0.0252002 , 
0 , 0.125 , 3 , YES , 5 , 10 , OFF , OFF , DesignWare , 1 , 1 , 1 , 0 , 1 , 1 , 1 , 1 , 1144 , FPMult_unq1 , FPMult , 446 , 36 , 30 , 1158 , 0 , 1144 , 0 , 992 , 0 , 0 , 3.95 , 1 , 40 , 0.9 , 482 , svt , 0.00137 , 3.95 , 0.4064551 , 0.024638 , 0.001301832005 , 2.53 , 0.3320318 , 0.0343913 , 0.00137 , 3.95 , 0.4064551 , 0.024638 , 0.001284 , 4.06 , 0.3985047 , 0.0234828 , 
0 , 0.125 , 3 , YES , 5 , 10 , OFF , OFF , DesignWare , 1 , 1 , 1 , 0 , 1 , 1 , 1 , 1 , 1151 , FPMult_unq1 , FPMult , 388 , 34 , 30 , 1165 , 0 , 1151 , 0 , 998 , 0 , 0 , 4.11 , 1 , 20 , 0.9 , 422 , svt , 0.00137 , 4.11 , 0.4063934 , 0.0245304 , 0.001302714005 , 2.53 , 0.3314729 , 0.0341213 , 0.00137 , 4.11 , 0.4063934 , 0.0245304 , 0.001284 , 4.17 , 0.3976718 , 0.0234167 , 
0 , 0.125 , 3 , YES , 5 , 10 , OFF , OFF , DesignWare , 1 , 1 , 1 , 0 , 1 , 1 , 1 , 1 , 764 , FPMult_unq1 , FPMult , 368 , 36 , 30 , 772 , 0 , 764 , 0 , 764 , 0 , 0 , 4.24 , 1 , 20 , 0.9 , 404 , svt , 0.001221 , 4.24 , 0.460265 , 0.0320015 , 0.001160182792 , 2.93 , 0.3843479 , 0.0376099 , 0.001221 , 4.24 , 0.460265 , 0.0320015 , 0.001221 , 4.38 , 0.4585052 , 0.0318671 , 
0 , 0.125 , 3 , YES , 5 , 10 , OFF , OFF , DesignWare , 1 , 1 , 1 , 0 , 1 , 1 , 1 , 1 , 934 , FPMult_unq1 , FPMult , 388 , 37 , 30 , 937 , 0 , 934 , 0 , 821 , 0 , 0 , 4.31 , 1 , 20 , 0.9 , 425 , svt , 0.001187 , 4.31 , 0.3759195 , 0.0222652 , 0.001126666806 , 2.90 , 0.3135272 , 0.0312977 , 0.001187 , 4.31 , 0.3759195 , 0.0222652 , 0.001129 , 4.30 , 0.3691307 , 0.0215952 , 
0 , 0.125 , 3 , YES , 5 , 10 , OFF , OFF , DesignWare , 1 , 1 , 1 , 0 , 1 , 1 , 1 , 1 , 1144 , FPMult_unq1 , FPMult , 446 , 36 , 30 , 1158 , 0 , 1144 , 0 , 992 , 0 , 0 , 5.64 , 0 , 40 , 0.9 , 482 , svt , 0.00137 , 5.64 , 0.3222683 , 0.018102 , 0.001301832005 , 3.61 , 0.2639281 , 0.0251721 , 0.00137 , 5.64 , 0.3222683 , 0.018102 , 0.001284 , 5.81 , 0.3159786 , 0.0172553 , 
0 , 0.125 , 3 , YES , 5 , 10 , OFF , OFF , DesignWare , 1 , 1 , 1 , 0 , 1 , 1 , 1 , 1 , 1151 , FPMult_unq1 , FPMult , 388 , 34 , 30 , 1165 , 0 , 1151 , 0 , 998 , 0 , 0 , 5.89 , 0 , 20 , 0.9 , 422 , svt , 0.00137 , 5.89 , 0.3222166 , 0.0180223 , 0.001302714005 , 3.61 , 0.2634895 , 0.0249767 , 0.00137 , 5.89 , 0.3222166 , 0.0180223 , 0.001284 , 5.97 , 0.3153295 , 0.0172062 , 
0 , 0.125 , 3 , YES , 5 , 10 , OFF , OFF , DesignWare , 1 , 1 , 1 , 0 , 1 , 1 , 1 , 1 , 764 , FPMult_unq1 , FPMult , 368 , 36 , 30 , 772 , 0 , 764 , 0 , 764 , 0 , 0 , 6.05 , 0 , 20 , 0.9 , 404 , svt , 0.001221 , 6.05 , 0.3655488 , 0.0234568 , 0.001160182792 , 4.18 , 0.3058916 , 0.0275248 , 0.001221 , 6.05 , 0.3655488 , 0.0234568 , 0.001221 , 6.26 , 0.3641719 , 0.0233588 , 
0 , 0.125 , 3 , YES , 5 , 10 , OFF , OFF , DesignWare , 1 , 1 , 1 , 0 , 1 , 1 , 1 , 1 , 934 , FPMult_unq1 , FPMult , 388 , 37 , 30 , 937 , 0 , 934 , 0 , 821 , 0 , 0 , 6.14 , 0 , 20 , 0.9 , 425 , svt , 0.001187 , 6.14 , 0.2981545 , 0.0163644 , 0.001126666806 , 4.11 , 0.2492838 , 0.0229234 , 0.001187 , 6.14 , 0.2981545 , 0.0163644 , 0.001129 , 6.11 , 0.2928357 , 0.0158719 , 
1 , 0.375 , 3 , YES , 5 , 10 , OFF , OFF , Sklansky , 1 , 1 , 1 , 0 , 1 , 1 , 1 , 1 , 1885 , FPMult_unq1 , FPMult , 1622 , 34 , 30 , 1836 , 0 , 1885 , 0 , 1871 , 0 , 0 , 0.99 , 0 , 1.24 , 0.9 , 1656 , svt , 0.002543 , 0.99 , 1.0878 , 0.1080979 , 0.002666638843 , 0.81 , 0.9603447 , 0.1359383 , 0.002543 , 0.99 , 1.0878 , 0.1080979 , 0.00252 , 0.97 , 1.0472 , 0.1063536 , 
1 , 0.375 , 3 , YES , 5 , 10 , OFF , OFF , Sklansky , 1 , 1 , 1 , 0 , 1 , 1 , 1 , 1 , 1938 , FPMult_unq1 , FPMult , 1710 , 35 , 30 , 1877 , 0 , 1938 , 0 , 1937 , 0 , 0 , 1.00 , 0 , 1.27 , 0.9 , 1745 , svt , 0.002461 , 1.00 , 1.0151 , 0.1007369 , 0.002519344841 , 0.79 , 0.9057836 , 0.121502 , 0.002461 , 1.00 , 1.0151 , 0.1007369 , 0.002444 , 1.00 , 1.0084 , 0.1009467 , 
1 , 0.375 , 3 , YES , 5 , 10 , OFF , OFF , Sklansky , 1 , 1 , 1 , 0 , 1 , 1 , 1 , 1 , 2489 , FPMult_unq1 , FPMult , 1817 , 35 , 30 , 2395 , 0 , 2489 , 0 , 2394 , 0 , 0 , 1.02 , 0 , 1.3 , 0.9 , 1852 , svt , 0.003195 , 1.02 , 1.1975 , 0.130343 , 0.003322317646 , 0.81 , 1.0909 , 0.1659211 , 0.003195 , 1.02 , 1.1975 , 0.130343 , 0.003009 , 1.03 , 1.1565 , 0.123855 , 
1 , 0.375 , 3 , YES , 5 , 10 , OFF , OFF , Sklansky , 1 , 1 , 1 , 0 , 1 , 1 , 1 , 1 , 2838 , FPMult_unq1 , FPMult , 2135 , 35 , 30 , 2761 , 0 , 2838 , 0 , 2672 , 0 , 0 , 1.02 , 0 , 1.29 , 0.9 , 2170 , svt , 0.003911 , 1.02 , 1.4128 , 0.1692156 , 0.003976585257 , 0.81 , 1.1131 , 0.2004364 , 0.003911 , 1.02 , 1.4128 , 0.1692156 , 0.003473 , 1.03 , 1.2348 , 0.1466981 , 
1 , 0.375 , 3 , YES , 5 , 10 , OFF , OFF , Sklansky , 1 , 1 , 1 , 0 , 1 , 1 , 1 , 1 , 2417 , FPMult_unq1 , FPMult , 1862 , 36 , 30 , 2285 , 0 , 2417 , 0 , 2345 , 0 , 0 , 1.03 , 0 , 1.3 , 0.9 , 1898 , svt , 0.00316 , 1.03 , 1.2289 , 0.1307727 , 0.003284920848 , 0.82 , 1.0686 , 0.1627076 , 0.00316 , 1.03 , 1.2289 , 0.1307727 , 0.00295 , 1.03 , 1.1498 , 0.122173 , 
1 , 0.375 , 3 , YES , 5 , 10 , OFF , OFF , Sklansky , 1 , 1 , 1 , 0 , 1 , 1 , 1 , 1 , 2810 , FPMult_unq1 , FPMult , 2130 , 35 , 30 , 2641 , 0 , 2810 , 0 , 2596 , 0 , 0 , 1.03 , 0 , 1.3 , 0.9 , 2165 , svt , 0.003664 , 1.03 , 1.3543 , 0.1570103 , 0.003527470854 , 0.81 , 1.0773 , 0.1746404 , 0.003664 , 1.03 , 1.3543 , 0.1570103 , 0.003378 , 1.04 , 1.2273 , 0.1450481 , 
1 , 0.375 , 3 , YES , 5 , 10 , OFF , OFF , Sklansky , 1 , 1 , 1 , 0 , 1 , 1 , 1 , 1 , 2124 , FPMult_unq1 , FPMult , 1551 , 35 , 30 , 2098 , 0 , 2124 , 0 , 2161 , 0 , 0 , 1.04 , 0 , 1.31 , 0.9 , 1586 , svt , 0.002913 , 1.04 , 1.2254 , 0.130902 , 0.003012559251 , 0.81 , 1.0408 , 0.1579025 , 0.002913 , 1.04 , 1.2254 , 0.130902 , 0.00286 , 1.05 , 1.1644 , 0.1238327 , 
1 , 0.375 , 3 , YES , 5 , 10 , OFF , OFF , Sklansky , 1 , 1 , 1 , 0 , 1 , 1 , 1 , 1 , 1932 , FPMult_unq1 , FPMult , 1566 , 37 , 30 , 1893 , 0 , 1932 , 0 , 1881 , 0 , 0 , 1.05 , 0 , 1.34 , 0.9 , 1603 , svt , 0.002545 , 1.05 , 1.0541 , 0.1043257 , 0.002708269242 , 0.87 , 0.9910035 , 0.1362068 , 0.002545 , 1.05 , 1.0541 , 0.1043257 , 0.002568 , 1.05 , 1.1000 , 0.1073592 , 
1 , 0.375 , 3 , YES , 5 , 10 , OFF , OFF , Sklansky , 1 , 1 , 1 , 0 , 1 , 1 , 1 , 1 , 2028 , FPMult_unq1 , FPMult , 1661 , 37 , 30 , 1889 , 0 , 2028 , 0 , 2149 , 0 , 0 , 1.06 , 0 , 1.33 , 0.9 , 1698 , svt , 0.002827 , 1.06 , 1.1897 , 0.1266726 , 0.002676340847 , 0.87 , 0.9074686 , 0.1355563 , 0.002827 , 1.06 , 1.1897 , 0.1266726 , 0.002917 , 1.05 , 1.1526 , 0.1275498 , 
1 , 0.375 , 3 , YES , 5 , 10 , OFF , OFF , Sklansky , 1 , 1 , 1 , 0 , 1 , 1 , 1 , 1 , 2368 , FPMult_unq1 , FPMult , 1794 , 37 , 30 , 2264 , 0 , 2368 , 0 , 2246 , 0 , 0 , 1.06 , 0 , 1.33 , 0.9 , 1831 , svt , 0.002908 , 1.06 , 1.1072 , 0.1163049 , 0.00301432325 , 0.82 , 0.9628195 , 0.1434081 , 0.002908 , 1.06 , 1.1072 , 0.1163049 , 0.002776 , 1.05 , 1.0419 , 0.109217 , 
1 , 0.375 , 3 , YES , 5 , 10 , OFF , OFF , Sklansky , 1 , 1 , 1 , 0 , 1 , 1 , 1 , 1 , 2037 , FPMult_unq1 , FPMult , 1605 , 35 , 30 , 2053 , 0 , 2037 , 0 , 2055 , 0 , 0 , 1.10 , 0 , 1.39 , 0.9 , 1640 , svt , 0.002758 , 1.10 , 1.1379 , 0.1182006 , 0.003001269648 , 0.87 , 1.0166 , 0.1549893 , 0.002758 , 1.10 , 1.1379 , 0.1182006 , 0.002689 , 1.09 , 1.0738 , 0.1123173 , 
1 , 0.375 , 3 , YES , 5 , 10 , OFF , OFF , Sklansky , 1 , 1 , 1 , 0 , 1 , 1 , 1 , 1 , 2305 , FPMult_unq1 , FPMult , 651 , 36 , 30 , 2157 , 0 , 2305 , 0 , 2146 , 0 , 0 , 1.12 , 0 , 1.42735439444899 , 0.9 , 687 , svt , 0.002864 , 1.12 , 1.0525 , 0.1161729 , 0.002802290446 , 0.89 , 0.8955298 , 0.1349412 , 0.002864 , 1.12 , 1.0525 , 0.1161729 , 0.002679 , 1.13 , 0.9846262 , 0.108523 , 
1 , 0.375 , 3 , YES , 5 , 10 , OFF , OFF , Sklansky , 1 , 1 , 1 , 0 , 1 , 1 , 1 , 1 , 2318 , FPMult_unq1 , FPMult , 664 , 32 , 30 , 2179 , 0 , 2318 , 0 , 2185 , 0 , 0 , 1.13 , 0 , 1.43895975197782 , 0.9 , 696 , svt , 0.002895 , 1.13 , 1.0178 , 0.1137799 , 0.002832807646 , 0.90 , 0.887786 , 0.1379011 , 0.002895 , 1.13 , 1.0178 , 0.1137799 , 0.002741 , 1.13 , 0.9686191 , 0.1055928 , 
1 , 0.375 , 3 , YES , 5 , 10 , OFF , OFF , Sklansky , 1 , 1 , 1 , 0 , 1 , 1 , 1 , 1 , 2028 , FPMult_unq1 , FPMult , 705 , 34 , 30 , 1941 , 0 , 2028 , 0 , 1872 , 0 , 0 , 1.15 , 0 , 1.47577443057107 , 0.9 , 739 , svt , 0.002387 , 1.15 , 0.9520239 , 0.0932088 , 0.002441199637 , 0.91 , 0.8650817 , 0.115987 , 0.002387 , 1.15 , 0.9520239 , 0.0932088 , 0.002231 , 1.17 , 0.8971378 , 0.0888878 , 
1 , 0.375 , 3 , YES , 5 , 10 , OFF , OFF , Sklansky , 1 , 1 , 1 , 0 , 1 , 1 , 1 , 1 , 1654 , FPMult_unq1 , FPMult , 528 , 34 , 30 , 1643 , 0 , 1654 , 0 , 1661 , 0 , 0 , 1.16 , 0 , 1.48408342961781 , 0.9 , 562 , svt , 0.002023 , 1.16 , 0.8400804 , 0.0749572 , 0.002201295638 , 0.91 , 0.8286125 , 0.1029544 , 0.002023 , 1.16 , 0.8400804 , 0.0749572 , 0.002017 , 1.16 , 0.8357184 , 0.0748102 , 
1 , 0.375 , 3 , YES , 5 , 10 , OFF , OFF , Sklansky , 1 , 1 , 1 , 0 , 1 , 1 , 1 , 1 , 1734 , FPMult_unq1 , FPMult , 547 , 33 , 30 , 1655 , 0 , 1734 , 0 , 1709 , 0 , 0 , 1.16 , 0 , 1.46726354337141 , 0.9 , 580 , svt , 0.002231 , 1.16 , 0.9222722 , 0.0939012 , 0.002280852038 , 0.91 , 0.8182156 , 0.1159295 , 0.002231 , 1.16 , 0.9222722 , 0.0939012 , 0.00215 , 1.15 , 0.8819343 , 0.0878009 , 
1 , 0.375 , 3 , YES , 5 , 10 , OFF , OFF , Sklansky , 1 , 1 , 1 , 0 , 1 , 1 , 1 , 1 , 2295 , FPMult_unq1 , FPMult , 1777 , 35 , 30 , 2240 , 0 , 2295 , 0 , 2114 , 0 , 0 , 1.19 , 0 , 1.52 , 0.9 , 1812 , svt , 0.002704 , 1.19 , 1.0427 , 0.1010843 , 0.002961226846 , 0.95 , 0.9870919 , 0.1427615 , 0.002704 , 1.19 , 1.0427 , 0.1010843 , 0.00256 , 1.18 , 0.9910006 , 0.0971951 , 
1 , 0.375 , 3 , YES , 5 , 10 , OFF , OFF , Sklansky , 1 , 1 , 1 , 0 , 1 , 1 , 1 , 1 , 1793 , FPMult_unq1 , FPMult , 557 , 34 , 30 , 1760 , 0 , 1793 , 0 , 1766 , 0 , 0 , 1.20 , 0 , 1.54108507129738 , 0.9 , 591 , svt , 0.002235 , 1.20 , 0.8825115 , 0.0872239 , 0.002374520441 , 0.95 , 0.8525244 , 0.1159064 , 0.002235 , 1.20 , 0.8825115 , 0.0872239 , 0.002255 , 1.20 , 0.9045274 , 0.0915453 , 
1 , 0.375 , 3 , YES , 5 , 10 , OFF , OFF , Sklansky , 1 , 1 , 1 , 0 , 1 , 1 , 1 , 1 , 2037 , FPMult_unq1 , FPMult , 577 , 35 , 30 , 1904 , 0 , 2037 , 0 , 1886 , 0 , 0 , 1.22 , 0 , 1.56718505180988 , 0.9 , 612 , svt , 0.002375 , 1.22 , 0.8642983 , 0.087997 , 0.00234717844 , 0.96 , 0.7222911 , 0.1074513 , 0.002375 , 1.22 , 0.8642983 , 0.087997 , 0.002298 , 1.23 , 0.8326503 , 0.0879686 , 
1 , 0.375 , 3 , YES , 5 , 10 , OFF , OFF , Sklansky , 1 , 1 , 1 , 0 , 1 , 1 , 1 , 1 , 2089 , FPMult_unq1 , FPMult , 588 , 35 , 30 , 1951 , 0 , 2089 , 0 , 1921 , 0 , 0 , 1.24 , 0 , 1.5806146319176 , 0.9 , 623 , svt , 0.002394 , 1.24 , 0.86751 , 0.0899529 , 0.002427616844 , 0.97 , 0.7639885 , 0.1135989 , 0.002394 , 1.24 , 0.86751 , 0.0899529 , 0.002273 , 1.25 , 0.8415948 , 0.0849967 , 
1 , 0.375 , 3 , YES , 5 , 10 , OFF , OFF , Sklansky , 1 , 1 , 1 , 0 , 1 , 1 , 1 , 1 , 1401 , FPMult_unq1 , FPMult , 496 , 34 , 30 , 1341 , 0 , 1401 , 0 , 1393 , 0 , 0 , 1.27 , 0 , 1.63148416745641 , 0.9 , 530 , svt , 0.001738 , 1.27 , 0.7230811 , 0.0623113 , 0.001652162432 , 1.00 , 0.6012266 , 0.0728278 , 0.001738 , 1.27 , 0.7230811 , 0.0623113 , 0.001717 , 1.29 , 0.708099 , 0.0621291 , 
1 , 0.375 , 3 , YES , 5 , 10 , OFF , OFF , Sklansky , 1 , 1 , 1 , 0 , 1 , 1 , 1 , 1 , 1576 , FPMult_unq1 , FPMult , 545 , 34 , 30 , 1535 , 0 , 1576 , 0 , 1508 , 0 , 0 , 1.27 , 0 , 1.6132667925388 , 0.9 , 579 , svt , 0.001851 , 1.27 , 0.7225745 , 0.0665628 , 0.001794870036 , 1.00 , 0.6345507 , 0.0801723 , 0.001851 , 1.27 , 0.7225745 , 0.0665628 , 0.001816 , 1.27 , 0.7227618 , 0.0661046 , 
1 , 0.375 , 3 , YES , 5 , 10 , OFF , OFF , Sklansky , 1 , 1 , 1 , 0 , 1 , 1 , 1 , 1 , 1465 , FPMult_unq1 , FPMult , 518 , 35 , 30 , 1427 , 0 , 1465 , 0 , 1494 , 0 , 0 , 1.28 , 0 , 1.60661366097525 , 0.9 , 553 , svt , 0.001914 , 1.28 , 0.7684908 , 0.0757382 , 0.001817449235 , 0.99 , 0.6281967 , 0.0825252 , 0.001914 , 1.28 , 0.7684908 , 0.0757382 , 0.001878 , 1.25 , 0.7420867 , 0.0692819 , 
1 , 0.375 , 3 , YES , 5 , 10 , OFF , OFF , Sklansky , 1 , 1 , 1 , 0 , 1 , 1 , 1 , 1 , 1520 , FPMult_unq1 , FPMult , 545 , 38 , 30 , 1429 , 0 , 1520 , 0 , 1551 , 0 , 0 , 1.29 , 0 , 1.64793574011879 , 0.9 , 583 , svt , 0.001963 , 1.29 , 0.7791821 , 0.0763982 , 0.001860667236 , 1.01 , 0.6413084 , 0.0856799 , 0.001963 , 1.29 , 0.7791821 , 0.0763982 , 0.001923 , 1.30 , 0.7903705 , 0.0719418 , 
1 , 0.375 , 3 , YES , 5 , 10 , OFF , OFF , Sklansky , 1 , 1 , 1 , 0 , 1 , 1 , 1 , 1 , 1993 , FPMult_unq1 , FPMult , 563 , 34 , 30 , 1929 , 0 , 1993 , 0 , 1863 , 0 , 0 , 1.32 , 0 , 1.69054640844986 , 0.9 , 597 , svt , 0.002212 , 1.32 , 0.8460135 , 0.0763636 , 0.002231107242 , 1.05 , 0.7843215 , 0.0982243 , 0.002212 , 1.32 , 0.8460135 , 0.0763636 , 0.002124 , 1.32 , 0.8233873 , 0.0730155 , 
1 , 0.375 , 3 , YES , 5 , 10 , OFF , OFF , Sklansky , 1 , 1 , 1 , 0 , 1 , 1 , 1 , 1 , 1713 , FPMult_unq1 , FPMult , 517 , 36 , 30 , 1646 , 0 , 1713 , 0 , 1643 , 0 , 0 , 1.35 , 0 , 1.73621438069974 , 0.9 , 553 , svt , 0.001898 , 1.35 , 0.6972053 , 0.0621262 , 0.001808452834 , 1.07 , 0.5880687 , 0.0767213 , 0.001898 , 1.35 , 0.6972053 , 0.0621262 , 0.001886 , 1.35 , 0.7092462 , 0.06425 , 
1 , 0.375 , 3 , YES , 5 , 10 , OFF , OFF , Sklansky , 1 , 1 , 1 , 0 , 1 , 1 , 1 , 1 , 1718 , FPMult_unq1 , FPMult , 520 , 34 , 30 , 1673 , 0 , 1718 , 0 , 1635 , 0 , 0 , 1.35 , 0 , 1.72071420816585 , 0.9 , 554 , svt , 0.001988 , 1.35 , 0.7342615 , 0.06811 , 0.001959451235 , 1.06 , 0.6158875 , 0.0873767 , 0.001988 , 1.35 , 0.7342615 , 0.06811 , 0.001932 , 1.36 , 0.7305736 , 0.0667328 , 
1 , 0.375 , 3 , YES , 5 , 10 , OFF , OFF , Sklansky , 1 , 1 , 1 , 0 , 1 , 1 , 1 , 1 , 1418 , FPMult_unq1 , FPMult , 458 , 33 , 30 , 1377 , 0 , 1418 , 0 , 1343 , 0 , 0 , 1.37 , 0 , 1.76356880156901 , 0.9 , 491 , svt , 0.001629 , 1.37 , 0.6540475 , 0.0542671 , 0.001562022031 , 1.08 , 0.5575223 , 0.0656493 , 0.001629 , 1.37 , 0.6540475 , 0.0542671 , 0.001606 , 1.38 , 0.6552557 , 0.0561685 , 
1 , 0.375 , 3 , YES , 5 , 10 , OFF , OFF , Sklansky , 1 , 1 , 1 , 0 , 1 , 1 , 1 , 1 , 1273 , FPMult_unq1 , FPMult , 444 , 35 , 30 , 1263 , 0 , 1273 , 0 , 1300 , 0 , 0 , 1.37 , 0 , 1.75919824853094 , 0.9 , 479 , svt , 0.001813 , 1.37 , 0.7038718 , 0.0684639 , 0.001765940433 , 1.08 , 0.6058746 , 0.080629 , 0.001813 , 1.37 , 0.7038718 , 0.0684639 , 0.001809 , 1.37 , 0.699115 , 0.0654057 , 
1 , 0.375 , 3 , YES , 5 , 10 , OFF , OFF , Sklansky , 1 , 1 , 1 , 0 , 1 , 1 , 1 , 1 , 1317 , FPMult_unq1 , FPMult , 490 , 33 , 30 , 1247 , 0 , 1317 , 0 , 1303 , 0 , 0 , 1.39 , 0 , 1.793524902671 , 0.9 , 523 , svt , 0.001613 , 1.39 , 0.6765396 , 0.0545443 , 0.00155355483 , 1.10 , 0.5742486 , 0.0675785 , 0.001613 , 1.39 , 0.6765396 , 0.0545443 , 0.001607 , 1.39 , 0.6617032 , 0.0529226 , 
1 , 0.375 , 3 , YES , 5 , 10 , OFF , OFF , Sklansky , 1 , 1 , 1 , 0 , 1 , 1 , 1 , 1 , 2031 , FPMult_unq1 , FPMult , 1653 , 35 , 30 , 2052 , 0 , 2031 , 0 , 2078 , 0 , 0 , 1.42 , 0 , 1.81 , 0.9 , 1688 , svt , 0.002616 , 1.42 , 1.0381 , 0.1068048 , 0.002946585643 , 1.17 , 0.9877921 , 0.1534353 , 0.002616 , 1.42 , 1.0381 , 0.1068048 , 0.002742 , 1.42 , 1.0690 , 0.1138922 , 
1 , 0.375 , 3 , YES , 5 , 10 , OFF , OFF , Sklansky , 1 , 1 , 1 , 0 , 1 , 1 , 1 , 1 , 1588 , FPMult_unq1 , FPMult , 468 , 33 , 30 , 1539 , 0 , 1588 , 0 , 1434 , 0 , 0 , 1.46 , 0 , 1.88928383585872 , 0.9 , 501 , svt , 0.001883 , 1.46 , 0.6888155 , 0.0612148 , 0.001850612435 , 1.16 , 0.6013111 , 0.0804481 , 0.001883 , 1.46 , 0.6888155 , 0.0612148 , 0.001802 , 1.47 , 0.674512 , 0.0603297 , 
1 , 0.375 , 3 , YES , 5 , 10 , OFF , OFF , Sklansky , 1 , 1 , 1 , 0 , 1 , 1 , 1 , 1 , 1571 , FPMult_unq1 , FPMult , 467 , 36 , 30 , 1552 , 0 , 1571 , 0 , 1419 , 0 , 0 , 1.47 , 0 , 1.90713176689467 , 0.9 , 503 , svt , 0.001867 , 1.47 , 0.6640784 , 0.0579602 , 0.001948690837 , 1.17 , 0.6148204 , 0.0850161 , 0.001867 , 1.47 , 0.6640784 , 0.0579602 , 0.001803 , 1.47 , 0.6793661 , 0.0597901 , 
1 , 0.375 , 3 , YES , 5 , 10 , OFF , OFF , Sklansky , 1 , 1 , 1 , 0 , 1 , 1 , 1 , 1 , 1732 , FPMult_unq1 , FPMult , 542 , 34 , 30 , 1648 , 0 , 1732 , 0 , 1603 , 0 , 0 , 1.47 , 0 , 1.86793931968806 , 0.9 , 576 , svt , 0.001903 , 1.47 , 0.7142982 , 0.0612065 , 0.001880600437 , 1.15 , 0.6446093 , 0.0807584 , 0.001903 , 1.47 , 0.7142982 , 0.0612065 , 0.001816 , 1.45 , 0.6834219 , 0.0584248 , 
1 , 0.375 , 3 , YES , 5 , 10 , OFF , OFF , Sklansky , 1 , 1 , 1 , 0 , 1 , 1 , 1 , 1 , 1084 , FPMult_unq1 , FPMult , 421 , 33 , 30 , 1058 , 0 , 1084 , 0 , 1089 , 0 , 0 , 1.51 , 0 , 1.9262742206211 , 0.9 , 454 , svt , 0.001464 , 1.51 , 0.6183724 , 0.0503729 , 0.001377860416 , 1.18 , 0.5220709 , 0.0579524 , 0.001464 , 1.51 , 0.6183724 , 0.0503729 , 0.00146 , 1.48 , 0.5867198 , 0.0453447 , 
1 , 0.375 , 3 , YES , 5 , 10 , OFF , OFF , Sklansky , 1 , 1 , 1 , 0 , 1 , 1 , 1 , 1 , 1797 , FPMult_unq1 , FPMult , 561 , 34 , 30 , 1752 , 0 , 1797 , 0 , 1820 , 0 , 0 , 1.54 , 0 , 1.98276843773411 , 0.9 , 595 , svt , 0.002199 , 1.54 , 0.8831614 , 0.0814971 , 0.002408918437 , 1.22 , 0.8712208 , 0.1158494 , 0.002199 , 1.54 , 0.8831614 , 0.0814971 , 0.002227 , 1.53 , 0.8945219 , 0.0817961 , 
1 , 0.375 , 3 , YES , 5 , 10 , OFF , OFF , Sklansky , 1 , 1 , 1 , 0 , 1 , 1 , 1 , 1 , 1083 , FPMult_unq1 , FPMult , 450 , 35 , 30 , 1070 , 0 , 1083 , 0 , 1088 , 0 , 0 , 1.55 , 0 , 1.97165969530438 , 0.9 , 485 , svt , 0.001416 , 1.55 , 0.5774062 , 0.0422927 , 0.001346108423 , 1.20 , 0.5093262 , 0.0560815 , 0.001416 , 1.55 , 0.5774062 , 0.0422927 , 0.001421 , 1.54 , 0.589438 , 0.044165 , 
1 , 0.375 , 3 , YES , 5 , 10 , OFF , OFF , Sklansky , 1 , 1 , 1 , 0 , 1 , 1 , 1 , 1 , 1494 , FPMult_unq1 , FPMult , 465 , 34 , 30 , 1458 , 0 , 1494 , 0 , 1371 , 0 , 0 , 1.61 , 0 , 2.07436737344184 , 0.9 , 499 , svt , 0.001765 , 1.61 , 0.6357108 , 0.0521471 , 0.001691852432 , 1.27 , 0.5509271 , 0.0654384 , 0.001765 , 1.61 , 0.6357108 , 0.0521471 , 0.00171 , 1.62 , 0.6369368 , 0.0529156 , 
1 , 0.375 , 3 , YES , 5 , 10 , OFF , OFF , Sklansky , 1 , 1 , 1 , 0 , 1 , 1 , 1 , 1 , 1497 , FPMult_unq1 , FPMult , 525 , 33 , 30 , 1467 , 0 , 1497 , 0 , 1391 , 0 , 0 , 1.62 , 0 , 2.09487469792348 , 0.9 , 558 , svt , 0.001771 , 1.62 , 0.6299738 , 0.0508667 , 0.001671742831 , 1.29 , 0.5332463 , 0.0629489 , 0.001771 , 1.62 , 0.6299738 , 0.0508667 , 0.001722 , 1.61 , 0.6226579 , 0.0509361 , 
1 , 0.375 , 3 , YES , 5 , 10 , OFF , OFF , Sklansky , 1 , 1 , 1 , 0 , 1 , 1 , 1 , 1 , 983 , FPMult_unq1 , FPMult , 407 , 33 , 30 , 964 , 0 , 983 , 0 , 1007 , 0 , 0 , 1.63 , 0 , 2.10921786451756 , 0.9 , 440 , svt , 0.001399 , 1.63 , 0.5952307 , 0.0502887 , 0.001305712802 , 1.29 , 0.5027454 , 0.058 , 0.001399 , 1.63 , 0.5952307 , 0.0502887 , 0.00142 , 1.62 , 0.5839083 , 0.0490936 , 
1 , 0.375 , 3 , YES , 5 , 10 , OFF , OFF , Sklansky , 1 , 1 , 1 , 0 , 1 , 1 , 1 , 1 , 998 , FPMult_unq1 , FPMult , 449 , 38 , 30 , 977 , 0 , 998 , 0 , 987 , 0 , 0 , 1.70 , 0 , 2.17405151732888 , 0.9 , 487 , svt , 0.00142 , 1.70 , 0.5787081 , 0.0492019 , 0.001362866408 , 1.33 , 0.5237894 , 0.0618414 , 0.00142 , 1.70 , 0.5787081 , 0.0492019 , 0.001411 , 1.67 , 0.5758615 , 0.0462882 , 
1 , 0.375 , 3 , YES , 5 , 10 , OFF , OFF , Sklansky , 1 , 1 , 1 , 0 , 1 , 1 , 1 , 1 , 933 , FPMult_unq1 , FPMult , 390 , 33 , 30 , 929 , 0 , 933 , 0 , 930 , 0 , 0 , 1.78 , 0 , 2.30953617733904 , 0.9 , 423 , svt , 0.001351 , 1.78 , 0.5599975 , 0.0474495 , 0.001289483997 , 1.41 , 0.4998979 , 0.0576499 , 0.001351 , 1.78 , 0.5599975 , 0.0474495 , 0.001351 , 1.78 , 0.5526387 , 0.0468274 , 
1 , 0.375 , 3 , YES , 5 , 10 , OFF , OFF , Sklansky , 1 , 1 , 1 , 0 , 1 , 1 , 1 , 1 , 1384 , FPMult_unq1 , FPMult , 472 , 34 , 30 , 1348 , 0 , 1384 , 0 , 1379 , 0 , 0 , 1.79 , 0 , 2.32762928027905 , 0.9 , 506 , svt , 0.001708 , 1.79 , 0.6889634 , 0.0581507 , 0.001683208829 , 1.43 , 0.6074125 , 0.0741677 , 0.001708 , 1.79 , 0.6889634 , 0.0581507 , 0.001691 , 1.80 , 0.680233 , 0.0559213 , 
1 , 0.375 , 3 , YES , 5 , 10 , OFF , OFF , Sklansky , 1 , 1 , 1 , 0 , 1 , 1 , 1 , 1 , 1180 , FPMult_unq1 , FPMult , 431 , 34 , 30 , 1159 , 0 , 1180 , 0 , 1181 , 0 , 0 , 1.94 , 0 , 2.52193982059184 , 0.9 , 465 , svt , 0.001562 , 1.94 , 0.6353968 , 0.0514943 , 0.001523037625 , 1.54 , 0.5519426 , 0.0657155 , 0.001562 , 1.94 , 0.6353968 , 0.0514943 , 0.001537 , 1.94 , 0.6161867 , 0.0480897 , 
1 , 0.375 , 3 , YES , 5 , 10 , OFF , OFF , Sklansky , 1 , 1 , 1 , 0 , 1 , 1 , 1 , 1 , 1219 , FPMult_unq1 , FPMult , 414 , 34 , 30 , 1208 , 0 , 1219 , 0 , 1100 , 0 , 0 , 1.95 , 0 , 2.51982142224404 , 0.9 , 448 , svt , 0.001525 , 1.95 , 0.5839849 , 0.0399745 , 0.001487934018 , 1.55 , 0.5805406 , 0.0635712 , 0.001525 , 1.95 , 0.5839849 , 0.0399745 , 0.001461 , 1.94 , 0.5623049 , 0.037394 , 
1 , 0.375 , 3 , YES , 5 , 10 , OFF , OFF , Sklansky , 1 , 1 , 1 , 0 , 1 , 1 , 1 , 1 , 931 , FPMult_unq1 , FPMult , 388 , 34 , 30 , 934 , 0 , 931 , 0 , 931 , 0 , 0 , 1.96 , 0 , 2.52887927993055 , 0.9 , 422 , svt , 0.001346 , 1.96 , 0.549958 , 0.0451861 , 0.001275548397 , 1.52 , 0.4853989 , 0.0556001 , 0.001346 , 1.96 , 0.549958 , 0.0451861 , 0.001351 , 1.89 , 0.5412556 , 0.0443776 , 
1 , 0.375 , 3 , YES , 5 , 10 , OFF , OFF , Sklansky , 1 , 1 , 1 , 0 , 1 , 1 , 1 , 1 , 898 , FPMult_unq1 , FPMult , 395 , 37 , 30 , 901 , 0 , 898 , 0 , 906 , 0 , 0 , 2.17 , 0 , 2.87130362051766 , 0.9 , 432 , svt , 0.001306 , 2.17 , 0.5253992 , 0.0435456 , 0.001237445996 , 1.73 , 0.469419 , 0.0533642 , 0.001306 , 2.17 , 0.5253992 , 0.0435456 , 0.00131 , 2.16 , 0.5303564 , 0.0441485 , 
1 , 0.375 , 3 , YES , 5 , 10 , OFF , OFF , Sklansky , 1 , 1 , 1 , 0 , 1 , 1 , 1 , 1 , 907 , FPMult_unq1 , FPMult , 379 , 35 , 30 , 915 , 0 , 907 , 0 , 910 , 0 , 0 , 2.18 , 0 , 3.03203880454751 , 0.9 , 414 , svt , 0.001314 , 2.18 , 0.5358798 , 0.0423584 , 0.001247324397 , 1.45 , 0.4641513 , 0.0535496 , 0.001314 , 2.18 , 0.5358798 , 0.0423584 , 0.001314 , 2.31 , 0.5335248 , 0.0418974 , 
1 , 0.375 , 3 , YES , 5 , 10 , OFF , OFF , Sklansky , 1 , 1 , 1 , 0 , 1 , 1 , 1 , 1 , 925 , FPMult_unq1 , FPMult , 381 , 35 , 30 , 929 , 0 , 925 , 0 , 923 , 0 , 0 , 2.26 , 0 , 2.96057817836741 , 0.9 , 416 , svt , 0.001342 , 2.26 , 0.5889905 , 0.0451875 , 0.001297245603 , 1.81 , 0.5424461 , 0.057953 , 0.001342 , 2.26 , 0.5889905 , 0.0451875 , 0.001338 , 2.26 , 0.586439 , 0.0446506 , 
1 , 0.375 , 3 , YES , 5 , 10 , OFF , OFF , Sklansky , 1 , 1 , 1 , 0 , 1 , 1 , 1 , 1 , 900 , FPMult_unq1 , FPMult , 386 , 35 , 30 , 905 , 0 , 900 , 0 , 898 , 0 , 0 , 2.35 , 0 , 3.13824336506517 , 0.9 , 421 , svt , 0.00131 , 2.35 , 0.5285825 , 0.0433589 , 0.001242737996 , 1.77 , 0.4740997 , 0.0537647 , 0.00131 , 2.35 , 0.5285825 , 0.0433589 , 0.00131 , 2.36 , 0.5238544 , 0.042563 , 
1 , 0.375 , 3 , YES , 5 , 10 , OFF , OFF , Sklansky , 1 , 1 , 1 , 0 , 1 , 1 , 1 , 1 , 907 , FPMult_unq1 , FPMult , 381 , 36 , 30 , 915 , 0 , 907 , 0 , 907 , 0 , 0 , 2.53 , 0 , 20 , 0.9 , 417 , svt , 0.001314 , 2.53 , 0.536041 , 0.0413996 , 0.001247324397 , 1.46 , 0.471808 , 0.0543725 , 0.001314 , 2.53 , 0.536041 , 0.0413996 , 0.001314 , 2.51 , 0.5326107 , 0.0412523 , 
1 , 0.375 , 3 , YES , 5 , 10 , OFF , OFF , Sklansky , 1 , 1 , 1 , 0 , 1 , 1 , 1 , 1 , 900 , FPMult_unq1 , FPMult , 393 , 37 , 30 , 908 , 0 , 900 , 0 , 900 , 0 , 0 , 2.62 , 0 , 20 , 0.9 , 430 , svt , 0.001302 , 2.62 , 0.5227557 , 0.0411955 , 0.001237798797 , 1.60 , 0.4576815 , 0.0533101 , 0.001302 , 2.62 , 0.5227557 , 0.0411955 , 0.001302 , 2.60 , 0.5187883 , 0.0410875 , 
1 , 0.375 , 3 , YES , 5 , 10 , OFF , OFF , Sklansky , 1 , 1 , 1 , 0 , 1 , 1 , 1 , 1 , 884 , FPMult_unq1 , FPMult , 422 , 38 , 30 , 890 , 0 , 884 , 0 , 884 , 0 , 0 , 2.63 , 0 , 3.47550844736983 , 0.9 , 460 , svt , 0.001302 , 2.63 , 0.5801599 , 0.0429614 , 0.001233565196 , 2.10 , 0.5122224 , 0.0533276 , 0.001302 , 2.63 , 0.5801599 , 0.0429614 , 0.001302 , 2.61 , 0.5829477 , 0.0432183 , 
1 , 0.375 , 3 , YES , 5 , 10 , OFF , OFF , Sklansky , 1 , 1 , 1 , 0 , 1 , 1 , 1 , 1 , 885 , FPMult_unq1 , FPMult , 382 , 36 , 30 , 893 , 0 , 885 , 0 , 885 , 0 , 0 , 2.64 , 0 , 20 , 0.9 , 418 , svt , 0.001302 , 2.64 , 0.5285328 , 0.0412705 , 0.001234447197 , 1.63 , 0.4637782 , 0.053586 , 0.001302 , 2.64 , 0.5285328 , 0.0412705 , 0.001298 , 2.49 , 0.5234211 , 0.041104 , 
1 , 0.375 , 3 , YES , 5 , 10 , OFF , OFF , Sklansky , 1 , 1 , 1 , 0 , 1 , 1 , 1 , 1 , 888 , FPMult_unq1 , FPMult , 455 , 37 , 30 , 888 , 0 , 888 , 0 , 867 , 0 , 0 , 2.66 , 0 , 20 , 0.9 , 492 , svt , 0.001217 , 2.66 , 0.5183384 , 0.0323001 , 0.001153303204 , 1.53 , 0.4627671 , 0.0479056 , 0.001217 , 2.66 , 0.5183384 , 0.0323001 , 0.001206 , 2.69 , 0.5182947 , 0.0320327 , 
1 , 0.375 , 3 , YES , 5 , 10 , OFF , OFF , Sklansky , 1 , 1 , 1 , 0 , 1 , 1 , 1 , 1 , 885 , FPMult_unq1 , FPMult , 397 , 34 , 30 , 893 , 0 , 885 , 0 , 885 , 0 , 0 , 3.12 , 0 , 20 , 0.9 , 431 , svt , 0.001302 , 3.12 , 0.5794561 , 0.0414129 , 0.001234447197 , 2.00 , 0.5022186 , 0.053232 , 0.001302 , 3.12 , 0.5794561 , 0.0414129 , 0.001302 , 3.18 , 0.5772639 , 0.0412767 , 
1 , 0.375 , 3 , YES , 5 , 10 , OFF , OFF , Sklansky , 1 , 1 , 1 , 0 , 1 , 1 , 1 , 1 , 900 , FPMult_unq1 , FPMult , 386 , 35 , 30 , 905 , 0 , 900 , 0 , 898 , 0 , 0 , 3.12 , 1 , 3.13824336506517 , 0.9 , 421 , svt , 0.00131 , 3.12 , 0.4281062 , 0.0322915 , 0.001242737996 , 2.31 , 0.3843788 , 0.039964 , 0.00131 , 3.12 , 0.4281062 , 0.0322915 , 0.00131 , 3.10 , 0.4243306 , 0.0317001 , 
1 , 0.375 , 3 , YES , 5 , 10 , OFF , OFF , Sklansky , 1 , 1 , 1 , 0 , 1 , 1 , 1 , 1 , 1059 , FPMult_unq1 , FPMult , 406 , 35 , 30 , 1062 , 0 , 1059 , 0 , 944 , 0 , 0 , 3.18 , 0 , 20 , 0.9 , 441 , svt , 0.001269 , 3.18 , 0.4827886 , 0.028137 , 0.001198638011 , 2.15 , 0.4333021 , 0.0452 , 0.001269 , 3.18 , 0.4827886 , 0.028137 , 0.001204 , 3.21 , 0.4691134 , 0.0271342 , 
1 , 0.375 , 3 , YES , 5 , 10 , OFF , OFF , Sklansky , 1 , 1 , 1 , 0 , 1 , 1 , 1 , 1 , 907 , FPMult_unq1 , FPMult , 381 , 36 , 30 , 915 , 0 , 907 , 0 , 907 , 0 , 0 , 3.32 , 1 , 20 , 0.9 , 417 , svt , 0.001314 , 3.32 , 0.434029 , 0.0308405 , 0.001247324397 , 1.92 , 0.3825986 , 0.0404079 , 0.001314 , 3.32 , 0.434029 , 0.0308405 , 0.001314 , 3.29 , 0.431322 , 0.0307305 , 
1 , 0.375 , 3 , YES , 5 , 10 , OFF , OFF , Sklansky , 1 , 1 , 1 , 0 , 1 , 1 , 1 , 1 , 900 , FPMult_unq1 , FPMult , 393 , 37 , 30 , 908 , 0 , 900 , 0 , 900 , 0 , 0 , 3.43 , 1 , 20 , 0.9 , 430 , svt , 0.001302 , 3.43 , 0.4233075 , 0.0306875 , 0.001237798797 , 2.10 , 0.3711995 , 0.0396242 , 0.001302 , 3.43 , 0.4233075 , 0.0306875 , 0.001302 , 3.41 , 0.4201339 , 0.0306065 , 
1 , 0.375 , 3 , YES , 5 , 10 , OFF , OFF , Sklansky , 1 , 1 , 1 , 0 , 1 , 1 , 1 , 1 , 884 , FPMult_unq1 , FPMult , 422 , 38 , 30 , 890 , 0 , 884 , 0 , 884 , 0 , 0 , 3.44 , 1 , 3.47550844736983 , 0.9 , 460 , svt , 0.001302 , 3.44 , 0.4699539 , 0.0319837 , 0.001233565196 , 2.76 , 0.4151953 , 0.0396224 , 0.001302 , 3.44 , 0.4699539 , 0.0319837 , 0.001302 , 3.45 , 0.4721865 , 0.0321727 , 
1 , 0.375 , 3 , YES , 5 , 10 , OFF , OFF , Sklansky , 1 , 1 , 1 , 0 , 1 , 1 , 1 , 1 , 885 , FPMult_unq1 , FPMult , 382 , 36 , 30 , 893 , 0 , 885 , 0 , 885 , 0 , 0 , 3.45 , 1 , 20 , 0.9 , 418 , svt , 0.001302 , 3.45 , 0.4279612 , 0.0307405 , 0.001234447197 , 2.14 , 0.3760776 , 0.039822 , 0.001302 , 3.45 , 0.4279612 , 0.0307405 , 0.001298 , 3.26 , 0.4239052 , 0.0306164 , 
1 , 0.375 , 3 , YES , 5 , 10 , OFF , OFF , Sklansky , 1 , 1 , 1 , 0 , 1 , 1 , 1 , 1 , 888 , FPMult_unq1 , FPMult , 455 , 37 , 30 , 888 , 0 , 888 , 0 , 867 , 0 , 0 , 3.48 , 1 , 20 , 0.9 , 492 , svt , 0.001217 , 3.48 , 0.4197402 , 0.024095 , 0.001153303204 , 2.01 , 0.3750526 , 0.0356064 , 0.001217 , 3.48 , 0.4197402 , 0.024095 , 0.001206 , 3.53 , 0.4197133 , 0.023896 , 
1 , 0.375 , 3 , YES , 5 , 10 , OFF , OFF , Sklansky , 1 , 1 , 1 , 0 , 1 , 1 , 1 , 1 , 885 , FPMult_unq1 , FPMult , 397 , 34 , 30 , 893 , 0 , 885 , 0 , 885 , 0 , 0 , 4.08 , 1 , 20 , 0.9 , 431 , svt , 0.001302 , 4.08 , 0.4692943 , 0.0308392 , 0.001234447197 , 2.63 , 0.407219 , 0.0395512 , 0.001302 , 4.08 , 0.4692943 , 0.0308392 , 0.001302 , 4.16 , 0.4675435 , 0.0307384 , 
1 , 0.375 , 3 , YES , 5 , 10 , OFF , OFF , Sklansky , 1 , 1 , 1 , 0 , 1 , 1 , 1 , 1 , 885 , FPMult_unq1 , FPMult , 397 , 34 , 30 , 893 , 0 , 885 , 0 , 885 , 0 , 0 , 5.85 , 0 , 20 , 0.9 , 431 , svt , 0.001302 , 5.85 , 0.3725305 , 0.022632 , 0.001234447197 , 3.78 , 0.3239031 , 0.0289548 , 0.001302 , 5.85 , 0.3725305 , 0.022632 , 0.001302 , 5.95 , 0.3711492 , 0.0225586 , 
