TOP.DesignIndex,TOP.Color,TOP.DesignCount,TOP.top_Multiplier.Multiplier.Designware_MODE,TOP.top_Multiplier.Multiplier.MultP.BoothType,TOP.top_Multiplier.Multiplier.MultP.Designware_MODE,TOP.top_Multiplier.Multiplier.MultP.TreeType,TOP.top_Multiplier.Multiplier.PartialProductSum.AdderType,TOP.top_Multiplier.Multiplier.UseInc,TOP.top_Multiplier.Multiplier.Width,STAT_Comp_Good,STAT_Mapped_Timing_Good,STAT_Optimized_Timing_Good,STAT_Pareto,STAT_Routed_Timing_Good,STAT_Run_Good,STAT_Synthesis_Good,STAT_Timing_Good,INFO_Comb_Cell_Count,INFO_DESIGN,INFO_DESIGN_NAME,INFO_EvalTime,INFO_GenTime,INFO_IO2CORE,INFO_Mapped_Comb_Cell_Count,INFO_Mapped_Seq_Cell_Count,INFO_Optimized_Comb_Cell_Count,INFO_Optimized_Seq_Cell_Count,INFO_Routed_Comb_Cell_Count,INFO_Routed_Seq_Cell_Count,INFO_Seq_Cell_Count,INFO_Suggest_Delay,INFO_TARGET,INFO_TARGET_DELAY,INFO_TARGET_VOLTAGE,INFO_TotalRunTime,INFO_VT,COST_Area,COST_Delay,COST_Dyn_Energy,COST_Leak_Power,COST_Mapped_Area,COST_Mapped_Delay,COST_Mapped_Dyn_Energy,COST_Mapped_Leak_Power,COST_Optimized_Area,COST_Optimized_Delay,COST_Optimized_Dyn_Energy,COST_Optimized_Leak_Power,COST_Routed_Area,COST_Routed_Delay,COST_Routed_Dyn_Energy,COST_Routed_Leak_Power,
3 , 0.116666666666667 , 29 , OFF , 1 , OFF , Wallace , DesignWare , NO , 128 , 1 , 1 , 1 , 1 , 1 , 1 , 1 , 1 , 75824 , Multiplier_unq1 , Multiplier , 64762 , 81 , 30 , 71288 , 0 , 75824 , 0 , 86199 , 0 , 0 , 1.84 , 0 , 2.13 , 0.9 , 64843 , svt , 0.123219 , 1.84 , 86.4804 , 5.5958 , 0.107972325305 , 1.32 , 56.9224 , 4.9752 , 0.123219 , 1.84 , 86.4804 , 5.5958 , 0.133727 , 1.80 , 89.8634 , 6.2025 , 
3 , 0.116666666666667 , 29 , OFF , 1 , OFF , Wallace , DesignWare , NO , 128 , 1 , 1 , 1 , 1 , 1 , 1 , 1 , 1 , 68176 , Multiplier_unq1 , Multiplier , 18164 , 78 , 30 , 66787 , 0 , 68176 , 0 , 68442 , 0 , 0 , 2.47 , 0 , 2.9100849234662 , 0.9 , 18242 , svt , 0.103847 , 2.47 , 68.6046 , 3.4769 , 0.096367674088 , 1.79 , 47.2664 , 3.5588 , 0.103847 , 2.47 , 68.6046 , 3.4769 , 0.104533 , 2.34 , 65.7402 , 3.5399 , 
7 , 0.25 , 29 , OFF , 2 , OFF , Array , Sklansky , NO , 128 , 1 , 1 , 1 , 1 , 1 , 1 , 1 , 1 , 30833 , Multiplier_unq1 , Multiplier , 6488 , 86 , 30 , 30440 , 0 , 30833 , 0 , 30355 , 0 , 0 , 9.15 , 0 , 20 , 0.9 , 6574 , svt , 0.069974 , 9.15 , 60.3505 , 3.0251 , 0.066138533187 , 7.20 , 52.6539 , 3.4504 , 0.069974 , 9.15 , 60.3505 , 3.0251 , 0.069772 , 9.50 , 63.0124 , 3.0329 , 
7 , 0.25 , 29 , OFF , 2 , OFF , Array , Sklansky , NO , 128 , 1 , 1 , 1 , 1 , 1 , 1 , 1 , 1 , 30848 , Multiplier_unq1 , Multiplier , 39997 , 88 , 30 , 30438 , 0 , 30848 , 0 , 30341 , 0 , 0 , 9.23 , 0 , 14 , 0.9 , 40085 , svt , 0.070025 , 9.23 , 60.2500 , 3.0244 , 0.066138003987 , 7.32 , 52.6385 , 3.4495 , 0.070025 , 9.23 , 60.2500 , 3.0244 , 0.069823 , 9.37 , 63.1393 , 3.0337 , 
7 , 0.25 , 29 , OFF , 2 , OFF , Array , Sklansky , NO , 128 , 1 , 1 , 1 , 1 , 1 , 1 , 1 , 1 , 30833 , Multiplier_unq1 , Multiplier , 6488 , 86 , 30 , 30440 , 0 , 30833 , 0 , 30355 , 0 , 0 , 11.95 , 1 , 20 , 0.9 , 6574 , svt , 0.069974 , 11.95 , 48.8831 , 2.2520 , 0.066138533187 , 9.43 , 42.7062 , 2.5660 , 0.069974 , 11.95 , 48.8831 , 2.2520 , 0.069772 , 12.42 , 51.0178 , 2.2577 , 
7 , 0.25 , 29 , OFF , 2 , OFF , Array , Sklansky , NO , 128 , 1 , 1 , 1 , 1 , 1 , 1 , 1 , 1 , 30848 , Multiplier_unq1 , Multiplier , 39997 , 88 , 30 , 30438 , 0 , 30848 , 0 , 30341 , 0 , 0 , 12.06 , 1 , 14 , 0.9 , 40085 , svt , 0.070025 , 12.06 , 48.8026 , 2.2515 , 0.066138003987 , 9.59 , 42.6940 , 2.5654 , 0.070025 , 12.06 , 48.8026 , 2.2515 , 0.069823 , 12.24 , 51.1225 , 2.2583 , 
7 , 0.25 , 29 , OFF , 2 , OFF , Array , Sklansky , NO , 128 , 1 , 1 , 1 , 1 , 1 , 1 , 1 , 1 , 30833 , Multiplier_unq1 , Multiplier , 6488 , 86 , 30 , 30440 , 0 , 30833 , 0 , 30355 , 0 , 0 , 17.07 , 0 , 20 , 0.9 , 6574 , svt , 0.069974 , 17.07 , 38.8531 , 1.6515 , 0.066138533187 , 13.49 , 34.0009 , 1.8798 , 0.069974 , 17.07 , 38.8531 , 1.6515 , 0.069772 , 17.74 , 40.5312 , 1.6557 , 
9 , 0.316666666666667 , 29 , OFF , 2 , OFF , OS1 , Sklansky , NO , 128 , 1 , 1 , 1 , 1 , 1 , 1 , 1 , 1 , 31847 , Multiplier_unq1 , Multiplier , 16490 , 103 , 30 , 30520 , 0 , 31847 , 0 , 35616 , 0 , 0 , 2.50 , 0 , 3.2 , 0.9 , 16593 , svt , 0.072479 , 2.50 , 56.3869 , 3.3332 , 0.06624613719 , 1.97 , 43.9317 , 3.6635 , 0.072479 , 2.50 , 56.3869 , 3.3332 , 0.07346 , 2.53 , 55.5041 , 3.2117 , 
9 , 0.316666666666667 , 29 , OFF , 2 , OFF , OS1 , Sklansky , NO , 128 , 1 , 1 , 1 , 1 , 1 , 1 , 1 , 1 , 31705 , Multiplier_unq1 , Multiplier , 25595 , 103 , 30 , 30525 , 0 , 31705 , 0 , 36502 , 0 , 0 , 2.53 , 0 , 3.23 , 0.9 , 25698 , svt , 0.072283 , 2.53 , 56.4052 , 3.3124 , 0.066261660391 , 1.98 , 43.9323 , 3.6616 , 0.072283 , 2.53 , 56.4052 , 3.3124 , 0.074 , 2.55 , 56.1662 , 3.2378 , 
9 , 0.316666666666667 , 29 , OFF , 2 , OFF , OS1 , Sklansky , NO , 128 , 1 , 1 , 1 , 1 , 1 , 1 , 1 , 1 , 31634 , Multiplier_unq1 , Multiplier , 8426 , 102 , 30 , 30501 , 0 , 31634 , 0 , 33904 , 0 , 0 , 2.65 , 0 , 3.39644168730648 , 0.9 , 8528 , svt , 0.071695 , 2.65 , 55.6271 , 3.2325 , 0.066204153989 , 2.07 , 43.8413 , 3.6621 , 0.071695 , 2.65 , 55.6271 , 3.2325 , 0.072332 , 2.64 , 54.3722 , 3.1309 , 
9 , 0.316666666666667 , 29 , OFF , 2 , OFF , OS1 , Sklansky , NO , 128 , 1 , 1 , 1 , 1 , 1 , 1 , 1 , 1 , 31287 , Multiplier_unq1 , Multiplier , 8046 , 102 , 30 , 30497 , 0 , 31287 , 0 , 33037 , 0 , 0 , 2.78 , 0 , 3.5494818877764 , 0.9 , 8148 , svt , 0.071302 , 2.78 , 55.1554 , 3.1980 , 0.066193040789 , 2.17 , 43.8477 , 3.6723 , 0.071302 , 2.78 , 55.1554 , 3.1980 , 0.071597 , 2.76 , 54.3233 , 3.0955 , 
9 , 0.316666666666667 , 29 , OFF , 2 , OFF , OS1 , Sklansky , NO , 128 , 1 , 1 , 1 , 1 , 1 , 1 , 1 , 1 , 31173 , Multiplier_unq1 , Multiplier , 7666 , 101 , 30 , 30496 , 0 , 31173 , 0 , 32551 , 0 , 0 , 2.87 , 0 , 3.7094179236871 , 0.9 , 7767 , svt , 0.070959 , 2.87 , 54.7808 , 3.1463 , 0.066192335189 , 2.26 , 43.8587 , 3.6804 , 0.070959 , 2.87 , 54.7808 , 3.1463 , 0.071302 , 2.87 , 54.7812 , 3.0907 , 
9 , 0.316666666666667 , 29 , OFF , 2 , OFF , OS1 , Sklansky , NO , 128 , 1 , 1 , 1 , 1 , 1 , 1 , 1 , 1 , 31036 , Multiplier_unq1 , Multiplier , 7413 , 101 , 30 , 30496 , 0 , 31036 , 0 , 31270 , 0 , 0 , 3.01 , 0 , 3.87656051435469 , 0.9 , 7514 , svt , 0.070763 , 3.01 , 54.4132 , 3.1199 , 0.066192158789 , 2.27 , 43.8713 , 3.6870 , 0.070763 , 3.01 , 54.4132 , 3.1199 , 0.070616 , 2.99 , 52.9756 , 3.0623 , 
9 , 0.316666666666667 , 29 , OFF , 2 , OFF , OS1 , Sklansky , NO , 128 , 1 , 1 , 1 , 1 , 1 , 1 , 1 , 1 , 30968 , Multiplier_unq1 , Multiplier , 7302 , 102 , 30 , 30495 , 0 , 30968 , 0 , 30716 , 0 , 0 , 3.13 , 0 , 4.05123437979093 , 0.9 , 7404 , svt , 0.070518 , 3.13 , 54.1814 , 3.0866 , 0.066190747589 , 2.33 , 43.8683 , 3.6843 , 0.070518 , 3.13 , 54.1814 , 3.0866 , 0.070273 , 3.15 , 52.9408 , 3.0556 , 
9 , 0.316666666666667 , 29 , OFF , 2 , OFF , OS1 , Sklansky , NO , 128 , 1 , 1 , 1 , 1 , 1 , 1 , 1 , 1 , 30967 , Multiplier_unq1 , Multiplier , 7254 , 102 , 30 , 30495 , 0 , 30967 , 0 , 30922 , 0 , 0 , 3.27 , 0 , 4.23377887156035 , 0.9 , 7356 , svt , 0.070371 , 3.27 , 53.9585 , 3.0677 , 0.066190747589 , 2.33 , 43.8641 , 3.6860 , 0.070371 , 3.27 , 53.9585 , 3.0677 , 0.070322 , 3.28 , 54.1951 , 3.0587 , 
9 , 0.316666666666667 , 29 , OFF , 2 , OFF , OS1 , Sklansky , NO , 128 , 1 , 1 , 1 , 1 , 1 , 1 , 1 , 1 , 30938 , Multiplier_unq1 , Multiplier , 7426 , 103 , 30 , 30496 , 0 , 30938 , 0 , 30634 , 0 , 0 , 3.40 , 0 , 4.42454863206307 , 0.9 , 7529 , svt , 0.070322 , 3.40 , 53.8230 , 3.0564 , 0.066190747589 , 2.33 , 43.8508 , 3.6832 , 0.070322 , 3.40 , 53.8230 , 3.0564 , 0.070273 , 3.41 , 53.6434 , 3.0508 , 
9 , 0.316666666666667 , 29 , OFF , 2 , OFF , OS1 , Sklansky , NO , 128 , 1 , 1 , 1 , 1 , 1 , 1 , 1 , 1 , 30997 , Multiplier_unq1 , Multiplier , 7362 , 103 , 30 , 30495 , 0 , 30997 , 0 , 30705 , 0 , 0 , 3.57 , 0 , 4.62391428352427 , 0.9 , 7465 , svt , 0.070273 , 3.57 , 53.8836 , 3.0429 , 0.066190747589 , 2.33 , 43.8298 , 3.6792 , 0.070273 , 3.57 , 53.8836 , 3.0429 , 0.070175 , 3.56 , 52.5866 , 3.0353 , 
9 , 0.316666666666667 , 29 , OFF , 2 , OFF , OS1 , Sklansky , NO , 128 , 1 , 1 , 1 , 1 , 1 , 1 , 1 , 1 , 30924 , Multiplier_unq1 , Multiplier , 7244 , 104 , 30 , 30495 , 0 , 30924 , 0 , 30485 , 0 , 0 , 3.70 , 0 , 4.83226314802884 , 0.9 , 7348 , svt , 0.070224 , 3.70 , 53.7896 , 3.0353 , 0.066190747589 , 2.22 , 43.7784 , 3.6778 , 0.070224 , 3.70 , 53.7896 , 3.0353 , 0.070077 , 3.66 , 52.7175 , 3.0357 , 
9 , 0.316666666666667 , 29 , OFF , 2 , OFF , OS1 , Sklansky , NO , 128 , 1 , 1 , 1 , 1 , 1 , 1 , 1 , 1 , 30861 , Multiplier_unq1 , Multiplier , 7303 , 106 , 30 , 30497 , 0 , 30861 , 0 , 30479 , 0 , 0 , 3.91 , 0 , 20 , 0.9 , 7409 , svt , 0.070126 , 3.91 , 54.7819 , 3.0258 , 0.066191276789 , 2.22 , 43.7733 , 3.6773 , 0.070126 , 3.91 , 54.7819 , 3.0258 , 0.069929 , 4.10 , 54.8123 , 3.0283 , 
9 , 0.316666666666667 , 29 , OFF , 2 , OFF , OS1 , Sklansky , NO , 128 , 1 , 1 , 1 , 1 , 1 , 1 , 1 , 1 , 30938 , Multiplier_unq1 , Multiplier , 7426 , 103 , 30 , 30496 , 0 , 30938 , 0 , 30634 , 0 , 0 , 4.42 , 1 , 4.42454863206307 , 0.9 , 7529 , svt , 0.070322 , 4.42 , 43.5623 , 2.2754 , 0.066190747589 , 3.05 , 35.5614 , 2.7386 , 0.070322 , 4.42 , 43.5623 , 2.2754 , 0.070273 , 4.40 , 43.4137 , 2.2713 , 
9 , 0.316666666666667 , 29 , OFF , 2 , OFF , OS1 , Sklansky , NO , 128 , 1 , 1 , 1 , 1 , 1 , 1 , 1 , 1 , 30924 , Multiplier_unq1 , Multiplier , 7244 , 104 , 30 , 30495 , 0 , 30924 , 0 , 30485 , 0 , 0 , 4.81 , 1 , 4.83226314802884 , 0.9 , 7348 , svt , 0.070224 , 4.81 , 43.5318 , 2.2599 , 0.066190747589 , 2.90 , 35.5033 , 2.7346 , 0.070224 , 4.81 , 43.5318 , 2.2599 , 0.070077 , 4.75 , 42.6678 , 2.2601 , 
9 , 0.316666666666667 , 29 , OFF , 2 , OFF , OS1 , Sklansky , NO , 128 , 1 , 1 , 1 , 1 , 1 , 1 , 1 , 1 , 30861 , Multiplier_unq1 , Multiplier , 7303 , 106 , 30 , 30497 , 0 , 30861 , 0 , 30479 , 0 , 0 , 5.05 , 1 , 20 , 0.9 , 7409 , svt , 0.070126 , 5.05 , 44.3288 , 2.2529 , 0.066191276789 , 2.90 , 35.4990 , 2.7342 , 0.070126 , 5.05 , 44.3288 , 2.2529 , 0.069929 , 5.31 , 44.3439 , 2.2546 , 
9 , 0.316666666666667 , 29 , OFF , 2 , OFF , OS1 , Sklansky , NO , 128 , 1 , 1 , 1 , 1 , 1 , 1 , 1 , 1 , 30861 , Multiplier_unq1 , Multiplier , 7303 , 106 , 30 , 30497 , 0 , 30861 , 0 , 30479 , 0 , 0 , 7.19 , 0 , 20 , 0.9 , 7409 , svt , 0.070126 , 7.19 , 35.1849 , 1.6525 , 0.066191276789 , 4.15 , 28.2550 , 2.0027 , 0.070126 , 7.19 , 35.1849 , 1.6525 , 0.069929 , 7.52 , 35.1930 , 1.6537 , 
11 , 0.383333333333333 , 29 , OFF , 2 , OFF , Wallace , Sklansky , NO , 128 , 1 , 1 , 1 , 1 , 1 , 1 , 1 , 1 , 31331 , Multiplier_unq1 , Multiplier , 7632 , 87 , 30 , 30876 , 0 , 31331 , 0 , 31026 , 0 , 0 , 3.27 , 0 , 4.68097977739375 , 0.9 , 7719 , svt , 0.070786 , 3.27 , 53.9496 , 3.0498 , 0.066595585592 , 1.92 , 44.0579 , 3.7014 , 0.070786 , 3.27 , 53.9496 , 3.0498 , 0.070488 , 3.46 , 54.1470 , 3.0473 , 
11 , 0.383333333333333 , 29 , OFF , 2 , OFF , Wallace , Sklansky , NO , 128 , 1 , 1 , 1 , 1 , 1 , 1 , 1 , 1 , 31387 , Multiplier_unq1 , Multiplier , 6969 , 84 , 30 , 30876 , 0 , 31387 , 0 , 30974 , 0 , 0 , 3.42 , 0 , 4.66598460876918 , 0.9 , 7053 , svt , 0.070836 , 3.42 , 55.7576 , 3.0567 , 0.066595585592 , 1.92 , 44.0579 , 3.7014 , 0.070836 , 3.42 , 55.7576 , 3.0567 , 0.070438 , 3.45 , 54.2579 , 3.0451 , 
11 , 0.383333333333333 , 29 , OFF , 2 , OFF , Wallace , Sklansky , NO , 128 , 1 , 1 , 1 , 1 , 1 , 1 , 1 , 1 , 31320 , Multiplier_unq1 , Multiplier , 7099 , 85 , 30 , 30876 , 0 , 31320 , 0 , 30977 , 0 , 0 , 3.43 , 0 , 4.66897979468917 , 0.9 , 7184 , svt , 0.070737 , 3.43 , 54.4655 , 3.0543 , 0.066595585592 , 1.92 , 44.0579 , 3.7014 , 0.070737 , 3.43 , 54.4655 , 3.0543 , 0.070438 , 3.40 , 53.9821 , 3.0468 , 
11 , 0.383333333333333 , 29 , OFF , 2 , OFF , Wallace , Sklansky , NO , 128 , 1 , 1 , 1 , 1 , 1 , 1 , 1 , 1 , 31388 , Multiplier_unq1 , Multiplier , 7638 , 87 , 30 , 30876 , 0 , 31388 , 0 , 30979 , 0 , 0 , 3.45 , 0 , 4.67797689339393 , 0.9 , 7725 , svt , 0.070786 , 3.45 , 55.8440 , 3.0710 , 0.066595585592 , 1.92 , 44.0579 , 3.7014 , 0.070786 , 3.45 , 55.8440 , 3.0710 , 0.070438 , 3.46 , 54.4209 , 3.0457 , 
11 , 0.383333333333333 , 29 , OFF , 2 , OFF , Wallace , Sklansky , NO , 128 , 1 , 1 , 1 , 1 , 1 , 1 , 1 , 1 , 31407 , Multiplier_unq1 , Multiplier , 7218 , 84 , 30 , 30876 , 0 , 31407 , 0 , 31078 , 0 , 0 , 3.48 , 0 , 4.68699132945902 , 0.9 , 7302 , svt , 0.070786 , 3.48 , 56.0015 , 3.0709 , 0.066595585592 , 1.92 , 44.0579 , 3.7014 , 0.070786 , 3.48 , 56.0015 , 3.0709 , 0.070488 , 3.44 , 54.2200 , 3.0488 , 
11 , 0.383333333333333 , 29 , OFF , 2 , OFF , Wallace , Sklansky , NO , 128 , 1 , 1 , 1 , 1 , 1 , 1 , 1 , 1 , 31433 , Multiplier_unq1 , Multiplier , 7034 , 85 , 30 , 30876 , 0 , 31433 , 0 , 31079 , 0 , 0 , 3.48 , 0 , 4.66299134428367 , 0.9 , 7119 , svt , 0.070836 , 3.48 , 55.7620 , 3.0655 , 0.066595585592 , 1.92 , 44.0579 , 3.7014 , 0.070836 , 3.48 , 55.7620 , 3.0655 , 0.070488 , 3.52 , 54.8490 , 3.0467 , 
11 , 0.383333333333333 , 29 , OFF , 2 , OFF , Wallace , Sklansky , NO , 128 , 1 , 1 , 1 , 1 , 1 , 1 , 1 , 1 , 31445 , Multiplier_unq1 , Multiplier , 7627 , 88 , 30 , 30876 , 0 , 31445 , 0 , 31008 , 0 , 0 , 3.51 , 0 , 4.68398458900299 , 0.9 , 7715 , svt , 0.070737 , 3.51 , 56.2149 , 3.0677 , 0.066595585592 , 1.92 , 44.0579 , 3.7014 , 0.070737 , 3.51 , 56.2149 , 3.0677 , 0.070438 , 3.53 , 54.7883 , 3.0481 , 
11 , 0.383333333333333 , 29 , OFF , 2 , OFF , Wallace , Sklansky , NO , 128 , 1 , 1 , 1 , 1 , 1 , 1 , 1 , 1 , 31334 , Multiplier_unq1 , Multiplier , 7107 , 85 , 30 , 30876 , 0 , 31334 , 0 , 30949 , 0 , 0 , 3.54 , 0 , 4.67197690327702 , 0.9 , 7192 , svt , 0.070786 , 3.54 , 54.5367 , 3.0561 , 0.066595585592 , 1.92 , 44.0579 , 3.7014 , 0.070786 , 3.54 , 54.5367 , 3.0561 , 0.070438 , 3.48 , 54.3538 , 3.0472 , 
11 , 0.383333333333333 , 29 , OFF , 2 , OFF , Wallace , Sklansky , NO , 128 , 1 , 1 , 1 , 1 , 1 , 1 , 1 , 1 , 31362 , Multiplier_unq1 , Multiplier , 7636 , 88 , 30 , 30876 , 0 , 31362 , 0 , 31007 , 0 , 0 , 3.56 , 0 , 4.67497593576694 , 0.9 , 7724 , svt , 0.070737 , 3.56 , 54.6420 , 3.0560 , 0.066595585592 , 1.92 , 44.0579 , 3.7014 , 0.070737 , 3.56 , 54.6420 , 3.0560 , 0.070438 , 3.49 , 54.0993 , 3.0448 , 
11 , 0.383333333333333 , 29 , OFF , 2 , OFF , Wallace , Sklansky , NO , 128 , 1 , 1 , 1 , 1 , 1 , 1 , 1 , 1 , 31442 , Multiplier_unq1 , Multiplier , 16232 , 86 , 30 , 30875 , 0 , 31442 , 0 , 30958 , 0 , 0 , 3.59 , 0 , 1000.01 , 0.9 , 16318 , svt , 0.070836 , 3.59 , 55.6157 , 3.0722 , 0.066594703592 , 1.99 , 43.8901 , 3.6646 , 0.070836 , 3.59 , 55.6157 , 3.0722 , 0.070438 , 3.70 , 56.0639 , 3.0500 , 
11 , 0.383333333333333 , 29 , OFF , 2 , OFF , Wallace , Sklansky , NO , 128 , 1 , 1 , 1 , 1 , 1 , 1 , 1 , 1 , 31443 , Multiplier_unq1 , Multiplier , 6857 , 86 , 30 , 30876 , 0 , 31443 , 0 , 30902 , 0 , 0 , 3.62 , 0 , 20 , 0.9 , 6943 , svt , 0.070836 , 3.62 , 55.5461 , 3.0762 , 0.066595585592 , 1.92 , 44.0849 , 3.7034 , 0.070836 , 3.62 , 55.5461 , 3.0762 , 0.070488 , 3.62 , 54.2772 , 3.0479 , 
11 , 0.383333333333333 , 29 , OFF , 2 , OFF , Wallace , Sklansky , NO , 128 , 1 , 1 , 1 , 1 , 1 , 1 , 1 , 1 , 31331 , Multiplier_unq1 , Multiplier , 7632 , 87 , 30 , 30876 , 0 , 31331 , 0 , 31026 , 0 , 0 , 4.23 , 1 , 4.68097977739375 , 0.9 , 7719 , svt , 0.070786 , 4.23 , 43.6565 , 2.2708 , 0.066595585592 , 2.51 , 35.7283 , 2.7522 , 0.070786 , 4.23 , 43.6565 , 2.2708 , 0.070488 , 4.49 , 43.8223 , 2.2687 , 
11 , 0.383333333333333 , 29 , OFF , 2 , OFF , Wallace , Sklansky , NO , 128 , 1 , 1 , 1 , 1 , 1 , 1 , 1 , 1 , 31387 , Multiplier_unq1 , Multiplier , 6969 , 84 , 30 , 30876 , 0 , 31387 , 0 , 30974 , 0 , 0 , 4.43 , 1 , 4.66598460876918 , 0.9 , 7053 , svt , 0.070836 , 4.43 , 45.1141 , 2.2759 , 0.066595585592 , 2.51 , 35.7283 , 2.7522 , 0.070836 , 4.43 , 45.1141 , 2.2759 , 0.070438 , 4.47 , 43.9119 , 2.2672 , 
11 , 0.383333333333333 , 29 , OFF , 2 , OFF , Wallace , Sklansky , NO , 128 , 1 , 1 , 1 , 1 , 1 , 1 , 1 , 1 , 31320 , Multiplier_unq1 , Multiplier , 7099 , 85 , 30 , 30876 , 0 , 31320 , 0 , 30977 , 0 , 0 , 4.45 , 1 , 4.66897979468917 , 0.9 , 7184 , svt , 0.070737 , 4.45 , 44.0729 , 2.2740 , 0.066595585592 , 2.51 , 35.7283 , 2.7522 , 0.070737 , 4.45 , 44.0729 , 2.2740 , 0.070438 , 4.40 , 43.6889 , 2.2684 , 
11 , 0.383333333333333 , 29 , OFF , 2 , OFF , Wallace , Sklansky , NO , 128 , 1 , 1 , 1 , 1 , 1 , 1 , 1 , 1 , 31388 , Multiplier_unq1 , Multiplier , 7638 , 87 , 30 , 30876 , 0 , 31388 , 0 , 30979 , 0 , 0 , 4.47 , 1 , 4.67797689339393 , 0.9 , 7725 , svt , 0.070786 , 4.47 , 45.1882 , 2.2864 , 0.066595585592 , 2.51 , 35.7283 , 2.7522 , 0.070786 , 4.47 , 45.1882 , 2.2864 , 0.070438 , 4.47 , 44.0406 , 2.2676 , 
11 , 0.383333333333333 , 29 , OFF , 2 , OFF , Wallace , Sklansky , NO , 128 , 1 , 1 , 1 , 1 , 1 , 1 , 1 , 1 , 31407 , Multiplier_unq1 , Multiplier , 7218 , 84 , 30 , 30876 , 0 , 31407 , 0 , 31078 , 0 , 0 , 4.52 , 1 , 4.68699132945902 , 0.9 , 7302 , svt , 0.070786 , 4.52 , 45.3110 , 2.2863 , 0.066595585592 , 2.51 , 35.7283 , 2.7522 , 0.070786 , 4.52 , 45.3110 , 2.2863 , 0.070488 , 4.44 , 43.8820 , 2.2699 , 
11 , 0.383333333333333 , 29 , OFF , 2 , OFF , Wallace , Sklansky , NO , 128 , 1 , 1 , 1 , 1 , 1 , 1 , 1 , 1 , 31433 , Multiplier_unq1 , Multiplier , 7034 , 85 , 30 , 30876 , 0 , 31433 , 0 , 31079 , 0 , 0 , 4.52 , 1 , 4.66299134428367 , 0.9 , 7119 , svt , 0.070836 , 4.52 , 45.1202 , 2.2823 , 0.066595585592 , 2.51 , 35.7283 , 2.7522 , 0.070836 , 4.52 , 45.1202 , 2.2823 , 0.070488 , 4.57 , 44.3887 , 2.2684 , 
11 , 0.383333333333333 , 29 , OFF , 2 , OFF , Wallace , Sklansky , NO , 128 , 1 , 1 , 1 , 1 , 1 , 1 , 1 , 1 , 31445 , Multiplier_unq1 , Multiplier , 7627 , 88 , 30 , 30876 , 0 , 31445 , 0 , 31008 , 0 , 0 , 4.55 , 1 , 4.68398458900299 , 0.9 , 7715 , svt , 0.070737 , 4.55 , 45.4828 , 2.2840 , 0.066595585592 , 2.51 , 35.7283 , 2.7522 , 0.070737 , 4.55 , 45.4828 , 2.2840 , 0.070438 , 4.58 , 44.3378 , 2.2693 , 
11 , 0.383333333333333 , 29 , OFF , 2 , OFF , Wallace , Sklansky , NO , 128 , 1 , 1 , 1 , 1 , 1 , 1 , 1 , 1 , 31334 , Multiplier_unq1 , Multiplier , 7107 , 85 , 30 , 30876 , 0 , 31334 , 0 , 30949 , 0 , 0 , 4.58 , 1 , 4.67197690327702 , 0.9 , 7192 , svt , 0.070786 , 4.58 , 44.1339 , 2.2754 , 0.066595585592 , 2.51 , 35.7283 , 2.7522 , 0.070786 , 4.58 , 44.1339 , 2.2754 , 0.070438 , 4.50 , 43.9909 , 2.2687 , 
11 , 0.383333333333333 , 29 , OFF , 2 , OFF , Wallace , Sklansky , NO , 128 , 1 , 1 , 1 , 1 , 1 , 1 , 1 , 1 , 31362 , Multiplier_unq1 , Multiplier , 7636 , 88 , 30 , 30876 , 0 , 31362 , 0 , 31007 , 0 , 0 , 4.61 , 1 , 4.67497593576694 , 0.9 , 7724 , svt , 0.070737 , 4.61 , 44.2196 , 2.2753 , 0.066595585592 , 2.51 , 35.7283 , 2.7522 , 0.070737 , 4.61 , 44.2196 , 2.2753 , 0.070438 , 4.54 , 43.7841 , 2.2669 , 
11 , 0.383333333333333 , 29 , OFF , 2 , OFF , Wallace , Sklansky , NO , 128 , 1 , 1 , 1 , 1 , 1 , 1 , 1 , 1 , 31442 , Multiplier_unq1 , Multiplier , 16232 , 86 , 30 , 30875 , 0 , 31442 , 0 , 30958 , 0 , 0 , 4.66 , 1 , 1000.01 , 0.9 , 16318 , svt , 0.070836 , 4.66 , 44.9927 , 2.2872 , 0.066594703592 , 2.60 , 35.5929 , 2.7253 , 0.070836 , 4.66 , 44.9927 , 2.2872 , 0.070438 , 4.79 , 45.3636 , 2.2708 , 
11 , 0.383333333333333 , 29 , OFF , 2 , OFF , Wallace , Sklansky , NO , 128 , 1 , 1 , 1 , 1 , 1 , 1 , 1 , 1 , 31443 , Multiplier_unq1 , Multiplier , 6857 , 86 , 30 , 30876 , 0 , 31443 , 0 , 30902 , 0 , 0 , 4.69 , 1 , 20 , 0.9 , 6943 , svt , 0.070836 , 4.69 , 44.9396 , 2.2902 , 0.066595585592 , 2.51 , 35.7500 , 2.7536 , 0.070836 , 4.69 , 44.9396 , 2.2902 , 0.070488 , 4.69 , 43.9168 , 2.2692 , 
11 , 0.383333333333333 , 29 , OFF , 2 , OFF , Wallace , Sklansky , NO , 128 , 1 , 1 , 1 , 1 , 1 , 1 , 1 , 1 , 31442 , Multiplier_unq1 , Multiplier , 16232 , 86 , 30 , 30875 , 0 , 31442 , 0 , 30958 , 0 , 0 , 6.62 , 0 , 1000.01 , 0.9 , 16318 , svt , 0.070836 , 6.62 , 35.7050 , 1.6775 , 0.066594703592 , 3.71 , 28.3287 , 1.9965 , 0.070836 , 6.62 , 35.7050 , 1.6775 , 0.070438 , 6.78 , 36.0013 , 1.6656 , 
11 , 0.383333333333333 , 29 , OFF , 2 , OFF , Wallace , Sklansky , NO , 128 , 1 , 1 , 1 , 1 , 1 , 1 , 1 , 1 , 31443 , Multiplier_unq1 , Multiplier , 6857 , 86 , 30 , 30876 , 0 , 31443 , 0 , 30902 , 0 , 0 , 6.63 , 0 , 20 , 0.9 , 6943 , svt , 0.070836 , 6.63 , 35.6647 , 1.6797 , 0.066595585592 , 3.58 , 28.4532 , 2.0168 , 0.070836 , 6.63 , 35.6647 , 1.6797 , 0.070488 , 6.62 , 34.8584 , 1.6644 , 
12 , 0.416666666666667 , 29 , OFF , 2 , OFF , ZM , DesignWare , NO , 128 , 1 , 1 , 1 , 1 , 1 , 1 , 1 , 1 , 45686 , Multiplier_unq1 , Multiplier , 32045 , 98 , 30 , 45349 , 0 , 45686 , 0 , 46282 , 0 , 0 , 2.60 , 0 , 3.32 , 0.9 , 32143 , svt , 0.075927 , 2.60 , 48.3074 , 2.1756 , 0.072380448902 , 2.06 , 42.9825 , 3.2375 , 0.075927 , 2.60 , 48.3074 , 2.1756 , 0.076583 , 2.65 , 50.7568 , 2.2590 , 
12 , 0.416666666666667 , 29 , OFF , 2 , OFF , ZM , DesignWare , NO , 128 , 1 , 1 , 1 , 1 , 1 , 1 , 1 , 1 , 43278 , Multiplier_unq1 , Multiplier , 9915 , 99 , 30 , 42750 , 0 , 43278 , 0 , 43904 , 0 , 0 , 5.28 , 0 , 6.85951917025128 , 0.9 , 10014 , svt , 0.074767 , 5.28 , 49.7134 , 2.2832 , 0.070123234221 , 4.21 , 40.8471 , 3.0917 , 0.074767 , 5.28 , 49.7134 , 2.2832 , 0.075171 , 5.34 , 52.4165 , 2.3016 , 
12 , 0.416666666666667 , 29 , OFF , 2 , OFF , ZM , DesignWare , NO , 128 , 1 , 1 , 1 , 1 , 1 , 1 , 1 , 1 , 42194 , Multiplier_unq1 , Multiplier , 9545 , 100 , 30 , 41686 , 0 , 42194 , 0 , 42423 , 0 , 0 , 6.32 , 0 , 8.19331434768617 , 0.9 , 9645 , svt , 0.074147 , 6.32 , 49.5758 , 2.2559 , 0.069626844513 , 5.02 , 41.0271 , 3.1311 , 0.074147 , 6.32 , 49.5758 , 2.2559 , 0.074196 , 6.29 , 51.0188 , 2.2926 , 
13 , 0.45 , 29 , OFF , 2 , OFF , ZM , Sklansky , NO , 128 , 1 , 1 , 1 , 1 , 1 , 1 , 1 , 1 , 30993 , Multiplier_unq1 , Multiplier , 7189 , 103 , 30 , 30617 , 0 , 30993 , 0 , 30558 , 0 , 0 , 4.55 , 0 , 20 , 0.9 , 7292 , svt , 0.070126 , 4.55 , 53.3732 , 3.0231 , 0.066223028794 , 2.86 , 43.9732 , 3.5902 , 0.070126 , 4.55 , 53.3732 , 3.0231 , 0.069978 , 4.39 , 53.9157 , 3.0261 , 
13 , 0.45 , 29 , OFF , 2 , OFF , ZM , Sklansky , NO , 128 , 1 , 1 , 1 , 1 , 1 , 1 , 1 , 1 , 30993 , Multiplier_unq1 , Multiplier , 7189 , 103 , 30 , 30617 , 0 , 30993 , 0 , 30558 , 0 , 0 , 5.93 , 1 , 20 , 0.9 , 7292 , svt , 0.070126 , 5.93 , 43.2046 , 2.2509 , 0.066223028794 , 3.72 , 35.6672 , 2.6699 , 0.070126 , 5.93 , 43.2046 , 2.2509 , 0.069978 , 5.70 , 43.6361 , 2.2530 , 
13 , 0.45 , 29 , OFF , 2 , OFF , ZM , Sklansky , NO , 128 , 1 , 1 , 1 , 1 , 1 , 1 , 1 , 1 , 30993 , Multiplier_unq1 , Multiplier , 7189 , 103 , 30 , 30617 , 0 , 30993 , 0 , 30558 , 0 , 0 , 8.46 , 0 , 20 , 0.9 , 7292 , svt , 0.070126 , 8.46 , 34.3092 , 1.6511 , 0.066223028794 , 5.27 , 28.3941 , 1.9559 , 0.070126 , 8.46 , 34.3092 , 1.6511 , 0.069978 , 8.09 , 34.6474 , 1.6526 , 
15 , 0.516666666666667 , 29 , OFF , 3 , OFF , Array , Sklansky , NO , 128 , 1 , 1 , 1 , 1 , 1 , 1 , 1 , 1 , 51952 , Multiplier_unq1 , Multiplier , 7010 , 81 , 30 , 51614 , 0 , 51952 , 0 , 35452 , 0 , 0 , 12.92 , 0 , 20 , 0.9 , 7091 , svt , 0.072648 , 12.92 , 30.0951 , 1.3169 , 0.068740433978 , 10.36 , 27.1906 , 1.7038 , 0.072648 , 12.92 , 30.0951 , 1.3169 , 0.063504 , 13.58 , 31.0042 , 1.2549 , 
16 , 0.55 , 29 , OFF , 3 , OFF , OS1 , DesignWare , NO , 128 , 1 , 1 , 1 , 1 , 1 , 1 , 1 , 1 , 62040 , Multiplier_unq1 , Multiplier , 29675 , 94 , 30 , 60282 , 0 , 62040 , 0 , 46703 , 0 , 0 , 2.63 , 0 , 3.2 , 0.9 , 29769 , svt , 0.078084 , 2.63 , 52.1871 , 2.4383 , 0.071423655429 , 1.97 , 36.1521 , 2.8951 , 0.078084 , 2.63 , 52.1871 , 2.4383 , 0.07026 , 2.74 , 55.0344 , 2.3855 , 
17 , 0.583333333333333 , 29 , OFF , 3 , OFF , OS1 , Sklansky , NO , 128 , 1 , 1 , 1 , 1 , 1 , 1 , 1 , 1 , 54261 , Multiplier_unq1 , Multiplier , 17765 , 96 , 30 , 53599 , 0 , 54261 , 0 , 38646 , 0 , 0 , 2.48 , 0 , 3.2 , 0.9 , 17861 , svt , 0.073969 , 2.48 , 46.4855 , 2.3789 , 0.069718042996 , 1.97 , 38.8706 , 3.2095 , 0.073969 , 2.48 , 46.4855 , 2.3789 , 0.065231 , 2.51 , 49.0720 , 2.2864 , 
17 , 0.583333333333333 , 29 , OFF , 3 , OFF , OS1 , Sklansky , NO , 128 , 1 , 1 , 1 , 1 , 1 , 1 , 1 , 1 , 53919 , Multiplier_unq1 , Multiplier , 25817 , 96 , 30 , 53219 , 0 , 53919 , 0 , 38953 , 0 , 0 , 2.49 , 0 , 3.22 , 0.9 , 25913 , svt , 0.073918 , 2.49 , 46.4082 , 2.3951 , 0.069529824157 , 1.98 , 38.7971 , 3.2150 , 0.073918 , 2.49 , 46.4082 , 2.3951 , 0.065332 , 2.51 , 48.9801 , 2.2993 , 
17 , 0.583333333333333 , 29 , OFF , 3 , OFF , OS1 , Sklansky , NO , 128 , 1 , 1 , 1 , 1 , 1 , 1 , 1 , 1 , 52824 , Multiplier_unq1 , Multiplier , 8459 , 100 , 30 , 52169 , 0 , 52824 , 0 , 38001 , 0 , 0 , 2.59 , 0 , 3.34975523252945 , 0.9 , 8559 , svt , 0.073512 , 2.59 , 46.5214 , 2.4480 , 0.069091470042 , 2.06 , 38.7986 , 3.2281 , 0.073512 , 2.59 , 46.5214 , 2.4480 , 0.064977 , 2.60 , 48.0138 , 2.3350 , 
17 , 0.583333333333333 , 29 , OFF , 3 , OFF , OS1 , Sklansky , NO , 128 , 1 , 1 , 1 , 1 , 1 , 1 , 1 , 1 , 52261 , Multiplier_unq1 , Multiplier , 8051 , 94 , 30 , 51660 , 0 , 52261 , 0 , 37577 , 0 , 0 , 2.69 , 0 , 3.48473916703678 , 0.9 , 8145 , svt , 0.073309 , 2.69 , 46.7144 , 2.4804 , 0.068848214377 , 2.14 , 38.7768 , 3.2329 , 0.073309 , 2.69 , 46.7144 , 2.4804 , 0.064875 , 2.71 , 49.2500 , 2.3782 , 
17 , 0.583333333333333 , 29 , OFF , 3 , OFF , OS1 , Sklansky , NO , 128 , 1 , 1 , 1 , 1 , 1 , 1 , 1 , 1 , 52205 , Multiplier_unq1 , Multiplier , 8368 , 97 , 30 , 51659 , 0 , 52205 , 0 , 37179 , 0 , 0 , 2.80 , 0 , 3.62516250272726 , 0.9 , 8465 , svt , 0.073207 , 2.80 , 46.6023 , 2.4642 , 0.068830927177 , 2.22 , 38.7197 , 3.2214 , 0.073207 , 2.80 , 46.6023 , 2.4642 , 0.064672 , 2.83 , 47.8273 , 2.3528 , 
17 , 0.583333333333333 , 29 , OFF , 3 , OFF , OS1 , Sklansky , NO , 128 , 1 , 1 , 1 , 1 , 1 , 1 , 1 , 1 , 52240 , Multiplier_unq1 , Multiplier , 8354 , 97 , 30 , 51674 , 0 , 52240 , 0 , 36732 , 0 , 0 , 2.91 , 0 , 3.77124442927956 , 0.9 , 8451 , svt , 0.073207 , 2.91 , 46.6290 , 2.4621 , 0.068826517178 , 2.32 , 38.7282 , 3.2223 , 0.073207 , 2.91 , 46.6290 , 2.4621 , 0.064469 , 2.91 , 48.5441 , 2.3593 , 
17 , 0.583333333333333 , 29 , OFF , 3 , OFF , OS1 , Sklansky , NO , 128 , 1 , 1 , 1 , 1 , 1 , 1 , 1 , 1 , 52234 , Multiplier_unq1 , Multiplier , 8167 , 98 , 30 , 51658 , 0 , 52234 , 0 , 36363 , 0 , 0 , 3.03 , 0 , 3.92321296898346 , 0.9 , 8265 , svt , 0.073156 , 3.03 , 46.5548 , 2.4504 , 0.068815403979 , 2.39 , 38.7140 , 3.2217 , 0.073156 , 3.03 , 46.5548 , 2.4504 , 0.064316 , 3.02 , 48.4133 , 2.3546 , 
17 , 0.583333333333333 , 29 , OFF , 3 , OFF , OS1 , Sklansky , NO , 128 , 1 , 1 , 1 , 1 , 1 , 1 , 1 , 1 , 52217 , Multiplier_unq1 , Multiplier , 8025 , 97 , 30 , 51650 , 0 , 52217 , 0 , 36121 , 0 , 0 , 3.16 , 0 , 4.08130533266451 , 0.9 , 8122 , svt , 0.073105 , 3.16 , 46.4660 , 2.4456 , 0.068814169178 , 2.48 , 38.7193 , 3.2198 , 0.073105 , 3.16 , 46.4660 , 2.4456 , 0.064164 , 3.15 , 48.1803 , 2.3429 , 
17 , 0.583333333333333 , 29 , OFF , 3 , OFF , OS1 , Sklansky , NO , 128 , 1 , 1 , 1 , 1 , 1 , 1 , 1 , 1 , 52242 , Multiplier_unq1 , Multiplier , 7956 , 96 , 30 , 51643 , 0 , 52242 , 0 , 36049 , 0 , 0 , 3.27 , 0 , 4.24576828995133 , 0.9 , 8052 , svt , 0.073105 , 3.27 , 46.5662 , 2.4445 , 0.068815051178 , 2.60 , 38.7134 , 3.2164 , 0.073105 , 3.27 , 46.5662 , 2.4445 , 0.064164 , 3.26 , 48.1692 , 2.3412 , 
17 , 0.583333333333333 , 29 , OFF , 3 , OFF , OS1 , Sklansky , NO , 128 , 1 , 1 , 1 , 1 , 1 , 1 , 1 , 1 , 52241 , Multiplier_unq1 , Multiplier , 7942 , 96 , 30 , 51621 , 0 , 52241 , 0 , 35875 , 0 , 0 , 3.30 , 0 , 4.41685855446338 , 0.9 , 8038 , svt , 0.073055 , 3.30 , 46.3962 , 2.4411 , 0.068818931977 , 2.60 , 38.7206 , 3.2175 , 0.073055 , 3.30 , 46.3962 , 2.4411 , 0.064062 , 3.31 , 48.1611 , 2.3389 , 
17 , 0.583333333333333 , 29 , OFF , 3 , OFF , OS1 , Sklansky , NO , 128 , 1 , 1 , 1 , 1 , 1 , 1 , 1 , 1 , 52207 , Multiplier_unq1 , Multiplier , 7437 , 95 , 30 , 51667 , 0 , 52207 , 0 , 35856 , 0 , 0 , 3.43 , 0 , 4.59484318452055 , 0.9 , 7532 , svt , 0.073055 , 3.43 , 46.5569 , 2.4414 , 0.068809229979 , 2.60 , 38.7034 , 3.2114 , 0.073055 , 3.43 , 46.5569 , 2.4414 , 0.064062 , 3.48 , 47.7009 , 2.3377 , 
17 , 0.583333333333333 , 29 , OFF , 3 , OFF , OS1 , Sklansky , NO , 128 , 1 , 1 , 1 , 1 , 1 , 1 , 1 , 1 , 52284 , Multiplier_unq1 , Multiplier , 7399 , 96 , 30 , 51692 , 0 , 52284 , 0 , 35815 , 0 , 0 , 3.68 , 0 , 20 , 0.9 , 7495 , svt , 0.072953 , 3.68 , 47.3617 , 2.4285 , 0.06881187598 , 2.50 , 38.6280 , 3.2068 , 0.072953 , 3.68 , 47.3617 , 2.4285 , 0.06391 , 3.93 , 49.1263 , 2.3317 , 
17 , 0.583333333333333 , 29 , OFF , 3 , OFF , OS1 , Sklansky , NO , 128 , 1 , 1 , 1 , 1 , 1 , 1 , 1 , 1 , 52234 , Multiplier_unq1 , Multiplier , 8167 , 98 , 30 , 51658 , 0 , 52234 , 0 , 36363 , 0 , 0 , 3.92 , 1 , 3.92321296898346 , 0.9 , 8265 , svt , 0.073156 , 3.92 , 37.6485 , 1.8254 , 0.068815403979 , 3.13 , 31.3823 , 2.3957 , 0.073156 , 3.92 , 37.6485 , 1.8254 , 0.064316 , 3.92 , 39.1598 , 1.7535 , 
17 , 0.583333333333333 , 29 , OFF , 3 , OFF , OS1 , Sklansky , NO , 128 , 1 , 1 , 1 , 1 , 1 , 1 , 1 , 1 , 52217 , Multiplier_unq1 , Multiplier , 8025 , 97 , 30 , 51650 , 0 , 52217 , 0 , 36121 , 0 , 0 , 4.08 , 1 , 4.08130533266451 , 0.9 , 8122 , svt , 0.073105 , 4.08 , 37.5732 , 1.8219 , 0.068814169178 , 3.24 , 31.3859 , 2.3943 , 0.073105 , 4.08 , 37.5732 , 1.8219 , 0.064164 , 4.08 , 38.9726 , 1.7448 , 
17 , 0.583333333333333 , 29 , OFF , 3 , OFF , OS1 , Sklansky , NO , 128 , 1 , 1 , 1 , 1 , 1 , 1 , 1 , 1 , 52242 , Multiplier_unq1 , Multiplier , 7956 , 96 , 30 , 51643 , 0 , 52242 , 0 , 36049 , 0 , 0 , 4.23 , 1 , 4.24576828995133 , 0.9 , 8052 , svt , 0.073105 , 4.23 , 37.6537 , 1.8211 , 0.068815051178 , 3.39 , 31.3817 , 2.3918 , 0.073105 , 4.23 , 37.6537 , 1.8211 , 0.064164 , 4.23 , 38.9634 , 1.7436 , 
17 , 0.583333333333333 , 29 , OFF , 3 , OFF , OS1 , Sklansky , NO , 128 , 1 , 1 , 1 , 1 , 1 , 1 , 1 , 1 , 52241 , Multiplier_unq1 , Multiplier , 7942 , 96 , 30 , 51621 , 0 , 52241 , 0 , 35875 , 0 , 0 , 4.27 , 1 , 4.41685855446338 , 0.9 , 8038 , svt , 0.073055 , 4.27 , 37.5153 , 1.8186 , 0.068818931977 , 3.39 , 31.3870 , 2.3927 , 0.073055 , 4.27 , 37.5153 , 1.8186 , 0.064062 , 4.30 , 38.9561 , 1.7419 , 
17 , 0.583333333333333 , 29 , OFF , 3 , OFF , OS1 , Sklansky , NO , 128 , 1 , 1 , 1 , 1 , 1 , 1 , 1 , 1 , 52207 , Multiplier_unq1 , Multiplier , 7437 , 95 , 30 , 51667 , 0 , 52207 , 0 , 35856 , 0 , 0 , 4.44 , 1 , 4.59484318452055 , 0.9 , 7532 , svt , 0.073055 , 4.44 , 37.6456 , 1.8188 , 0.068809229979 , 3.38 , 31.3743 , 2.3882 , 0.073055 , 4.44 , 37.6456 , 1.8188 , 0.064062 , 4.51 , 38.5846 , 1.7410 , 
17 , 0.583333333333333 , 29 , OFF , 3 , OFF , OS1 , Sklansky , NO , 128 , 1 , 1 , 1 , 1 , 1 , 1 , 1 , 1 , 52284 , Multiplier_unq1 , Multiplier , 7399 , 96 , 30 , 51692 , 0 , 52284 , 0 , 35815 , 0 , 0 , 4.78 , 1 , 20 , 0.9 , 7495 , svt , 0.072953 , 4.78 , 38.2900 , 1.8093 , 0.06881187598 , 3.26 , 31.3112 , 2.3848 , 0.072953 , 4.78 , 38.2900 , 1.8093 , 0.06391 , 5.09 , 39.7286 , 1.7367 , 
17 , 0.583333333333333 , 29 , OFF , 3 , OFF , OS1 , Sklansky , NO , 128 , 1 , 1 , 1 , 1 , 1 , 1 , 1 , 1 , 52284 , Multiplier_unq1 , Multiplier , 7399 , 96 , 30 , 51692 , 0 , 52284 , 0 , 35815 , 0 , 0 , 6.77 , 0 , 20 , 0.9 , 7495 , svt , 0.072953 , 6.77 , 30.3656 , 1.3282 , 0.06881187598 , 4.62 , 24.9097 , 1.7472 , 0.072953 , 6.77 , 30.3656 , 1.3282 , 0.06391 , 7.22 , 31.5049 , 1.2745 , 
19 , 0.65 , 29 , OFF , 3 , OFF , Wallace , Sklansky , NO , 128 , 1 , 1 , 1 , 1 , 1 , 1 , 1 , 1 , 52657 , Multiplier_unq1 , Multiplier , 17842 , 78 , 30 , 52023 , 0 , 52657 , 0 , 36891 , 0 , 0 , 2.48 , 0 , 3.2 , 0.9 , 17920 , svt , 0.073646 , 2.48 , 47.2739 , 2.4819 , 0.069255169185 , 1.97 , 39.1643 , 3.2717 , 0.073646 , 2.48 , 47.2739 , 2.4819 , 0.06471 , 2.47 , 46.2909 , 2.3477 , 
19 , 0.65 , 29 , OFF , 3 , OFF , Wallace , Sklansky , NO , 128 , 1 , 1 , 1 , 1 , 1 , 1 , 1 , 1 , 52638 , Multiplier_unq1 , Multiplier , 8128 , 76 , 30 , 52028 , 0 , 52638 , 0 , 36834 , 0 , 0 , 2.55 , 0 , 3.30950302121402 , 0.9 , 8204 , svt , 0.073594 , 2.55 , 47.3004 , 2.4835 , 0.06921794878 , 2.04 , 39.1138 , 3.2602 , 0.073594 , 2.55 , 47.3004 , 2.4835 , 0.064657 , 2.56 , 47.0931 , 2.3479 , 
19 , 0.65 , 29 , OFF , 3 , OFF , Wallace , Sklansky , NO , 128 , 1 , 1 , 1 , 1 , 1 , 1 , 1 , 1 , 52594 , Multiplier_unq1 , Multiplier , 8049 , 76 , 30 , 52016 , 0 , 52594 , 0 , 36523 , 0 , 0 , 2.64 , 0 , 3.42275320232022 , 0.9 , 8125 , svt , 0.073594 , 2.64 , 47.1683 , 2.4790 , 0.06920383678 , 2.10 , 39.0701 , 3.2432 , 0.073594 , 2.64 , 47.1683 , 2.4790 , 0.064394 , 2.65 , 46.3298 , 2.3408 , 
19 , 0.65 , 29 , OFF , 3 , OFF , Wallace , Sklansky , NO , 128 , 1 , 1 , 1 , 1 , 1 , 1 , 1 , 1 , 52566 , Multiplier_unq1 , Multiplier , 8274 , 83 , 30 , 51999 , 0 , 52566 , 0 , 36492 , 0 , 0 , 2.72 , 0 , 3.53987876998398 , 0.9 , 8357 , svt , 0.073594 , 2.72 , 47.3809 , 2.4791 , 0.06919589878 , 2.18 , 39.0560 , 3.2389 , 0.073594 , 2.72 , 47.3809 , 2.4791 , 0.064447 , 2.75 , 46.6240 , 2.3364 , 
19 , 0.65 , 29 , OFF , 3 , OFF , Wallace , Sklansky , NO , 128 , 1 , 1 , 1 , 1 , 1 , 1 , 1 , 1 , 52574 , Multiplier_unq1 , Multiplier , 8209 , 80 , 30 , 51996 , 0 , 52574 , 0 , 36729 , 0 , 0 , 2.78 , 0 , 3.66101233874791 , 0.9 , 8289 , svt , 0.073594 , 2.78 , 47.3346 , 2.4775 , 0.069188489981 , 2.25 , 39.0595 , 3.2425 , 0.073594 , 2.78 , 47.3346 , 2.4775 , 0.064605 , 2.83 , 47.1921 , 2.3389 , 
19 , 0.65 , 29 , OFF , 3 , OFF , Wallace , Sklansky , NO , 128 , 1 , 1 , 1 , 1 , 1 , 1 , 1 , 1 , 52564 , Multiplier_unq1 , Multiplier , 8206 , 78 , 30 , 52015 , 0 , 52564 , 0 , 36298 , 0 , 0 , 2.91 , 0 , 3.78629106118375 , 0.9 , 8284 , svt , 0.073541 , 2.91 , 47.2139 , 2.4735 , 0.069184079982 , 2.33 , 39.0628 , 3.2455 , 0.073541 , 2.91 , 47.2139 , 2.4735 , 0.064184 , 2.88 , 47.0539 , 2.3463 , 
19 , 0.65 , 29 , OFF , 3 , OFF , Wallace , Sklansky , NO , 128 , 1 , 1 , 1 , 1 , 1 , 1 , 1 , 1 , 52480 , Multiplier_unq1 , Multiplier , 8120 , 78 , 30 , 52011 , 0 , 52480 , 0 , 36321 , 0 , 0 , 2.98 , 0 , 4.04985620455723 , 0.9 , 8198 , svt , 0.073383 , 2.98 , 46.9774 , 2.4510 , 0.069182492382 , 2.46 , 39.0451 , 3.2377 , 0.073383 , 2.98 , 46.9774 , 2.4510 , 0.064289 , 3.13 , 46.5960 , 2.3463 , 
19 , 0.65 , 29 , OFF , 3 , OFF , Wallace , Sklansky , NO , 128 , 1 , 1 , 1 , 1 , 1 , 1 , 1 , 1 , 52578 , Multiplier_unq1 , Multiplier , 8235 , 78 , 30 , 52011 , 0 , 52578 , 0 , 36334 , 0 , 0 , 3.02 , 0 , 3.91585678318227 , 0.9 , 8313 , svt , 0.073594 , 3.02 , 47.5063 , 2.4702 , 0.069182492382 , 2.38 , 39.0594 , 3.2455 , 0.073594 , 3.02 , 47.5063 , 2.4702 , 0.064605 , 3.02 , 46.7840 , 2.3673 , 
19 , 0.65 , 29 , OFF , 3 , OFF , Wallace , Sklansky , NO , 128 , 1 , 1 , 1 , 1 , 1 , 1 , 1 , 1 , 52496 , Multiplier_unq1 , Multiplier , 7847 , 79 , 30 , 51969 , 0 , 52496 , 0 , 36298 , 0 , 0 , 3.13 , 0 , 4.18844104514515 , 0.9 , 7926 , svt , 0.073436 , 3.13 , 47.0897 , 2.4511 , 0.069190077579 , 2.46 , 39.0546 , 3.2392 , 0.073436 , 3.13 , 47.0897 , 2.4511 , 0.064394 , 3.19 , 46.5449 , 2.3331 , 
19 , 0.65 , 29 , OFF , 3 , OFF , Wallace , Sklansky , NO , 128 , 1 , 1 , 1 , 1 , 1 , 1 , 1 , 1 , 52498 , Multiplier_unq1 , Multiplier , 7811 , 80 , 30 , 52005 , 0 , 52498 , 0 , 36145 , 0 , 0 , 3.22 , 0 , 4.33176821658896 , 0.9 , 7891 , svt , 0.073436 , 3.22 , 47.1416 , 2.4519 , 0.069183197981 , 2.42 , 39.0454 , 3.2343 , 0.073436 , 3.22 , 47.1416 , 2.4519 , 0.064237 , 3.24 , 47.1911 , 2.3445 , 
19 , 0.65 , 29 , OFF , 3 , OFF , Wallace , Sklansky , NO , 128 , 1 , 1 , 1 , 1 , 1 , 1 , 1 , 1 , 52657 , Multiplier_unq1 , Multiplier , 7553 , 80 , 30 , 52043 , 0 , 52657 , 0 , 36019 , 0 , 0 , 3.47 , 0 , 20 , 0.9 , 7633 , svt , 0.073436 , 3.47 , 48.0605 , 2.4634 , 0.069186725983 , 2.31 , 38.9937 , 3.2279 , 0.073436 , 3.47 , 48.0605 , 2.4634 , 0.064184 , 3.55 , 46.9475 , 2.3260 , 
19 , 0.65 , 29 , OFF , 3 , OFF , Wallace , Sklansky , NO , 128 , 1 , 1 , 1 , 1 , 1 , 1 , 1 , 1 , 52574 , Multiplier_unq1 , Multiplier , 8209 , 80 , 30 , 51996 , 0 , 52574 , 0 , 36729 , 0 , 0 , 3.59 , 1 , 3.66101233874791 , 0.9 , 8289 , svt , 0.073594 , 3.59 , 38.2707 , 1.8454 , 0.069188489981 , 2.93 , 31.6633 , 2.4112 , 0.073594 , 3.59 , 38.2707 , 1.8454 , 0.064605 , 3.65 , 38.1786 , 1.7418 , 
19 , 0.65 , 29 , OFF , 3 , OFF , Wallace , Sklansky , NO , 128 , 1 , 1 , 1 , 1 , 1 , 1 , 1 , 1 , 52564 , Multiplier_unq1 , Multiplier , 8206 , 78 , 30 , 52015 , 0 , 52564 , 0 , 36298 , 0 , 0 , 3.76 , 1 , 3.78629106118375 , 0.9 , 8284 , svt , 0.073541 , 3.76 , 38.1714 , 1.8425 , 0.069184079982 , 3.02 , 31.6658 , 2.4134 , 0.073541 , 3.76 , 38.1714 , 1.8425 , 0.064184 , 3.73 , 38.0609 , 1.7474 , 
19 , 0.65 , 29 , OFF , 3 , OFF , Wallace , Sklansky , NO , 128 , 1 , 1 , 1 , 1 , 1 , 1 , 1 , 1 , 52578 , Multiplier_unq1 , Multiplier , 8235 , 78 , 30 , 52011 , 0 , 52578 , 0 , 36334 , 0 , 0 , 3.89 , 1 , 3.91585678318227 , 0.9 , 8313 , svt , 0.073594 , 3.89 , 38.4053 , 1.8400 , 0.069182492382 , 3.10 , 31.6627 , 2.4134 , 0.073594 , 3.89 , 38.4053 , 1.8400 , 0.064605 , 3.90 , 37.8468 , 1.7628 , 
19 , 0.65 , 29 , OFF , 3 , OFF , Wallace , Sklansky , NO , 128 , 1 , 1 , 1 , 1 , 1 , 1 , 1 , 1 , 52496 , Multiplier_unq1 , Multiplier , 7847 , 79 , 30 , 51969 , 0 , 52496 , 0 , 36298 , 0 , 0 , 4.06 , 1 , 4.18844104514515 , 0.9 , 7926 , svt , 0.073436 , 4.06 , 38.0775 , 1.8260 , 0.069190077579 , 3.21 , 31.6579 , 2.4087 , 0.073436 , 4.06 , 38.0775 , 1.8260 , 0.064394 , 4.13 , 37.6531 , 1.7377 , 
19 , 0.65 , 29 , OFF , 3 , OFF , Wallace , Sklansky , NO , 128 , 1 , 1 , 1 , 1 , 1 , 1 , 1 , 1 , 52498 , Multiplier_unq1 , Multiplier , 7811 , 80 , 30 , 52005 , 0 , 52498 , 0 , 36145 , 0 , 0 , 4.17 , 1 , 4.33176821658896 , 0.9 , 7891 , svt , 0.073436 , 4.17 , 38.1185 , 1.8266 , 0.069183197981 , 3.16 , 31.6510 , 2.4052 , 0.073436 , 4.17 , 38.1185 , 1.8266 , 0.064237 , 4.21 , 38.1679 , 1.7461 , 
19 , 0.65 , 29 , OFF , 3 , OFF , Wallace , Sklansky , NO , 128 , 1 , 1 , 1 , 1 , 1 , 1 , 1 , 1 , 52657 , Multiplier_unq1 , Multiplier , 7553 , 80 , 30 , 52043 , 0 , 52657 , 0 , 36019 , 0 , 0 , 4.48 , 1 , 20 , 0.9 , 7633 , svt , 0.073436 , 4.48 , 38.8487 , 1.8351 , 0.069186725983 , 3.01 , 31.6065 , 2.4004 , 0.073436 , 4.48 , 38.8487 , 1.8351 , 0.064184 , 4.59 , 37.9729 , 1.7324 , 
19 , 0.65 , 29 , OFF , 3 , OFF , Wallace , Sklansky , NO , 128 , 1 , 1 , 1 , 1 , 1 , 1 , 1 , 1 , 52657 , Multiplier_unq1 , Multiplier , 7553 , 80 , 30 , 52043 , 0 , 52657 , 0 , 36019 , 0 , 0 , 6.32 , 0 , 20 , 0.9 , 7633 , svt , 0.073436 , 6.32 , 30.8038 , 1.3470 , 0.069186725983 , 4.28 , 25.1435 , 1.7587 , 0.073436 , 6.32 , 30.8038 , 1.3470 , 0.064184 , 6.49 , 30.1209 , 1.2715 , 
20 , 0.683333333333333 , 29 , OFF , 3 , OFF , ZM , DesignWare , NO , 128 , 1 , 1 , 1 , 1 , 1 , 1 , 1 , 1 , 63088 , Multiplier_unq1 , Multiplier , 25713 , 93 , 30 , 61940 , 0 , 63088 , 0 , 47472 , 0 , 0 , 2.53 , 0 , 3.2 , 0.9 , 25806 , svt , 0.078135 , 2.53 , 46.8617 , 2.0687 , 0.073156609085 , 1.97 , 39.1732 , 3.0622 , 0.078135 , 2.53 , 46.8617 , 2.0687 , 0.069854 , 2.60 , 48.5607 , 2.0192 , 
20 , 0.683333333333333 , 29 , OFF , 3 , OFF , ZM , DesignWare , NO , 128 , 1 , 1 , 1 , 1 , 1 , 1 , 1 , 1 , 61643 , Multiplier_unq1 , Multiplier , 34921 , 93 , 30 , 60954 , 0 , 61643 , 0 , 45952 , 0 , 0 , 2.54 , 0 , 3.28 , 0.9 , 35014 , svt , 0.075899 , 2.54 , 43.7427 , 1.8164 , 0.072418198657 , 2.02 , 37.9520 , 2.9893 , 0.075899 , 2.54 , 43.7427 , 1.8164 , 0.067314 , 2.68 , 45.5088 , 1.7741 , 
20 , 0.683333333333333 , 29 , OFF , 3 , OFF , ZM , DesignWare , NO , 128 , 1 , 1 , 1 , 1 , 1 , 1 , 1 , 1 , 61622 , Multiplier_unq1 , Multiplier , 11495 , 91 , 30 , 60314 , 0 , 61622 , 0 , 46216 , 0 , 0 , 3.22 , 0 , 3.94291591162112 , 0.9 , 11586 , svt , 0.077525 , 3.22 , 49.8217 , 2.2901 , 0.071743645025 , 2.43 , 36.6819 , 2.8878 , 0.077525 , 3.22 , 49.8217 , 2.2901 , 0.069346 , 3.32 , 51.6526 , 2.2042 , 
20 , 0.683333333333333 , 29 , OFF , 3 , OFF , ZM , DesignWare , NO , 128 , 1 , 1 , 1 , 1 , 1 , 1 , 1 , 1 , 51840 , Multiplier_unq1 , Multiplier , 7743 , 89 , 30 , 50963 , 0 , 51840 , 0 , 35417 , 0 , 0 , 16.74 , 1 , 16.7799419219158 , 0.9 , 7832 , svt , 0.071988 , 16.74 , 38.2059 , 1.7377 , 0.067487994095 , 13.42 , 29.3755 , 2.2180 , 0.071988 , 16.74 , 38.2059 , 1.7377 , 0.062741 , 16.68 , 39.6523 , 1.6613 , 
21 , 0.716666666666667 , 29 , OFF , 3 , OFF , ZM , Sklansky , NO , 128 , 1 , 1 , 1 , 1 , 1 , 1 , 1 , 1 , 60349 , Multiplier_unq1 , Multiplier , 19026 , 93 , 30 , 58344 , 0 , 60349 , 0 , 46110 , 0 , 0 , 2.54 , 0 , 3.2 , 0.9 , 19119 , svt , 0.079252 , 2.54 , 52.9726 , 2.6452 , 0.072732013841 , 1.98 , 39.7308 , 3.2057 , 0.079252 , 2.54 , 52.9726 , 2.6452 , 0.072597 , 2.70 , 57.3693 , 2.7495 , 
21 , 0.716666666666667 , 29 , OFF , 3 , OFF , ZM , Sklansky , NO , 128 , 1 , 1 , 1 , 1 , 1 , 1 , 1 , 1 , 57554 , Multiplier_unq1 , Multiplier , 28376 , 93 , 30 , 56966 , 0 , 57554 , 0 , 41741 , 0 , 0 , 2.56 , 0 , 3.29 , 0.9 , 28469 , svt , 0.075442 , 2.56 , 45.0235 , 2.2139 , 0.071977198139 , 2.03 , 39.5318 , 3.2092 , 0.075442 , 2.56 , 45.0235 , 2.2139 , 0.066755 , 2.61 , 48.1639 , 2.2137 , 
21 , 0.716666666666667 , 29 , OFF , 3 , OFF , ZM , Sklansky , NO , 128 , 1 , 1 , 1 , 1 , 1 , 1 , 1 , 1 , 55458 , Multiplier_unq1 , Multiplier , 8790 , 91 , 30 , 54819 , 0 , 55458 , 0 , 39573 , 0 , 0 , 2.69 , 0 , 3.46910535176006 , 0.9 , 8881 , svt , 0.074426 , 2.69 , 45.1988 , 2.3081 , 0.070712233526 , 2.15 , 39.3561 , 3.2157 , 0.074426 , 2.69 , 45.1988 , 2.3081 , 0.06579 , 2.70 , 46.4266 , 2.2537 , 
21 , 0.716666666666667 , 29 , OFF , 3 , OFF , ZM , Sklansky , NO , 128 , 1 , 1 , 1 , 1 , 1 , 1 , 1 , 1 , 53887 , Multiplier_unq1 , Multiplier , 8338 , 92 , 30 , 53221 , 0 , 53887 , 0 , 38098 , 0 , 0 , 2.85 , 0 , 3.65796107647729 , 0.9 , 8430 , svt , 0.073867 , 2.85 , 45.5983 , 2.4014 , 0.069855105748 , 2.26 , 39.2287 , 3.2310 , 0.073867 , 2.85 , 45.5983 , 2.4014 , 0.06518 , 2.86 , 47.0650 , 2.3178 , 
21 , 0.716666666666667 , 29 , OFF , 3 , OFF , ZM , Sklansky , NO , 128 , 1 , 1 , 1 , 1 , 1 , 1 , 1 , 1 , 52977 , Multiplier_unq1 , Multiplier , 8137 , 92 , 30 , 52279 , 0 , 52977 , 0 , 37195 , 0 , 0 , 2.99 , 0 , 3.85709797779252 , 0.9 , 8229 , svt , 0.073563 , 2.99 , 45.8543 , 2.4413 , 0.069239998847 , 2.38 , 38.9313 , 3.2119 , 0.073563 , 2.99 , 45.8543 , 2.4413 , 0.064723 , 3.03 , 48.0865 , 2.3519 , 
21 , 0.716666666666667 , 29 , OFF , 3 , OFF , ZM , Sklansky , NO , 128 , 1 , 1 , 1 , 1 , 1 , 1 , 1 , 1 , 52422 , Multiplier_unq1 , Multiplier , 8197 , 98 , 30 , 51774 , 0 , 52422 , 0 , 36494 , 0 , 0 , 3.14 , 0 , 4.06707575593402 , 0.9 , 8295 , svt , 0.073309 , 3.14 , 45.9061 , 2.4541 , 0.06895687679 , 2.51 , 38.8859 , 3.2060 , 0.073309 , 3.14 , 45.9061 , 2.4541 , 0.064469 , 3.18 , 47.3645 , 2.3686 , 
21 , 0.716666666666667 , 29 , OFF , 3 , OFF , ZM , Sklansky , NO , 128 , 1 , 1 , 1 , 1 , 1 , 1 , 1 , 1 , 52371 , Multiplier_unq1 , Multiplier , 8106 , 97 , 30 , 51733 , 0 , 52371 , 0 , 36262 , 0 , 0 , 3.33 , 0 , 4.28848458082806 , 0.9 , 8203 , svt , 0.073207 , 3.33 , 46.0218 , 2.4550 , 0.068909777981 , 2.64 , 38.7607 , 3.1906 , 0.073207 , 3.33 , 46.0218 , 2.4550 , 0.064367 , 3.36 , 47.4240 , 2.3663 , 
21 , 0.716666666666667 , 29 , OFF , 3 , OFF , ZM , Sklansky , NO , 128 , 1 , 1 , 1 , 1 , 1 , 1 , 1 , 1 , 52331 , Multiplier_unq1 , Multiplier , 8003 , 97 , 30 , 51740 , 0 , 52331 , 0 , 36245 , 0 , 0 , 3.50 , 0 , 4.52194675084836 , 0.9 , 8100 , svt , 0.073207 , 3.50 , 46.0348 , 2.4525 , 0.068850683981 , 2.78 , 38.6743 , 3.1751 , 0.073207 , 3.50 , 46.0348 , 2.4525 , 0.064266 , 3.51 , 47.4170 , 2.3428 , 
21 , 0.716666666666667 , 29 , OFF , 3 , OFF , ZM , Sklansky , NO , 128 , 1 , 1 , 1 , 1 , 1 , 1 , 1 , 1 , 52338 , Multiplier_unq1 , Multiplier , 7920 , 96 , 30 , 51763 , 0 , 52338 , 0 , 36031 , 0 , 0 , 3.67 , 0 , 4.76811844186689 , 0.9 , 8016 , svt , 0.073156 , 3.67 , 46.0836 , 2.4479 , 0.068836219183 , 2.93 , 38.6357 , 3.1679 , 0.073156 , 3.67 , 46.0836 , 2.4479 , 0.064164 , 3.72 , 47.2202 , 2.3419 , 
21 , 0.716666666666667 , 29 , OFF , 3 , OFF , ZM , Sklansky , NO , 128 , 1 , 1 , 1 , 1 , 1 , 1 , 1 , 1 , 52300 , Multiplier_unq1 , Multiplier , 7894 , 99 , 30 , 51716 , 0 , 52300 , 0 , 35966 , 0 , 0 , 3.88 , 0 , 5.02769155152167 , 0.9 , 7993 , svt , 0.073105 , 3.88 , 46.0030 , 2.4362 , 0.06883763038 , 3.08 , 38.6561 , 3.1705 , 0.073105 , 3.88 , 46.0030 , 2.4362 , 0.064113 , 3.89 , 47.2838 , 2.3407 , 
21 , 0.716666666666667 , 29 , OFF , 3 , OFF , ZM , Sklansky , NO , 128 , 1 , 1 , 1 , 1 , 1 , 1 , 1 , 1 , 52310 , Multiplier_unq1 , Multiplier , 7722 , 94 , 30 , 51696 , 0 , 52310 , 0 , 35909 , 0 , 0 , 4.07 , 0 , 5.30139564388531 , 0.9 , 7816 , svt , 0.073105 , 4.07 , 46.0390 , 2.4341 , 0.06883815958 , 3.17 , 38.6510 , 3.1704 , 0.073105 , 4.07 , 46.0390 , 2.4341 , 0.064062 , 4.02 , 47.1495 , 2.3307 , 
21 , 0.716666666666667 , 29 , OFF , 3 , OFF , ZM , Sklansky , NO , 128 , 1 , 1 , 1 , 1 , 1 , 1 , 1 , 1 , 52339 , Multiplier_unq1 , Multiplier , 7238 , 94 , 30 , 51766 , 0 , 52339 , 0 , 35896 , 0 , 0 , 4.32 , 0 , 20 , 0.9 , 7332 , svt , 0.073055 , 4.32 , 46.1980 , 2.4258 , 0.068830221583 , 3.09 , 38.5798 , 3.1580 , 0.073055 , 4.32 , 46.1980 , 2.4258 , 0.064012 , 4.50 , 47.9651 , 2.3207 , 
21 , 0.716666666666667 , 29 , OFF , 3 , OFF , ZM , Sklansky , NO , 128 , 1 , 1 , 1 , 1 , 1 , 1 , 1 , 1 , 52310 , Multiplier_unq1 , Multiplier , 7722 , 94 , 30 , 51696 , 0 , 52310 , 0 , 35909 , 0 , 0 , 5.27 , 1 , 5.30139564388531 , 0.9 , 7816 , svt , 0.073105 , 5.27 , 37.2362 , 1.8134 , 0.06883815958 , 4.12 , 31.3345 , 2.3579 , 0.073105 , 5.27 , 37.2362 , 1.8134 , 0.064062 , 5.21 , 38.1473 , 1.7359 , 
21 , 0.716666666666667 , 29 , OFF , 3 , OFF , ZM , Sklansky , NO , 128 , 1 , 1 , 1 , 1 , 1 , 1 , 1 , 1 , 52339 , Multiplier_unq1 , Multiplier , 7238 , 94 , 30 , 51766 , 0 , 52339 , 0 , 35896 , 0 , 0 , 5.59 , 1 , 20 , 0.9 , 7332 , svt , 0.073055 , 5.59 , 37.3598 , 1.8073 , 0.068830221583 , 4.01 , 31.2772 , 2.3490 , 0.073055 , 5.59 , 37.3598 , 1.8073 , 0.064012 , 5.82 , 38.8018 , 1.7285 , 
21 , 0.716666666666667 , 29 , OFF , 3 , OFF , ZM , Sklansky , NO , 128 , 1 , 1 , 1 , 1 , 1 , 1 , 1 , 1 , 52339 , Multiplier_unq1 , Multiplier , 7238 , 94 , 30 , 51766 , 0 , 52339 , 0 , 35896 , 0 , 0 , 7.88 , 0 , 20 , 0.9 , 7332 , svt , 0.073055 , 7.88 , 29.6388 , 1.3268 , 0.068830221583 , 5.68 , 24.8865 , 1.7214 , 0.073055 , 7.88 , 29.6388 , 1.3268 , 0.064012 , 8.23 , 30.7814 , 1.2686 , 
26 , 0.883333333333333 , 29 , OFF , NA , ON , NA , DesignWare , NO , 128 , 1 , 1 , 1 , 1 , 1 , 1 , 1 , 1 , 35795 , Multiplier_unq1 , Multiplier , 9081 , 34 , 30 , 27855 , 0 , 35795 , 0 , 35792 , 0 , 0 , 2.58 , 0 , 3.2 , 0.9 , 9115 , svt , 0.072894 , 2.58 , 59.4307 , 3.3179 , 0.064805831201 , 1.96 , 45.9098 , 3.7518 , 0.072894 , 2.58 , 59.4307 , 3.3179 , 0.072894 , 2.58 , 59.3182 , 3.3080 , 
27 , 0.916666666666667 , 29 , OFF , NA , ON , NA , Sklansky , NO , 128 , 1 , 1 , 1 , 1 , 1 , 1 , 1 , 1 , 29267 , Multiplier_unq1 , Multiplier , 7460 , 39 , 30 , 27967 , 0 , 29267 , 0 , 29269 , 0 , 0 , 2.51 , 0 , 3.2 , 0.9 , 7499 , svt , 0.069532 , 2.51 , 58.8117 , 3.1901 , 0.064474199157 , 1.96 , 45.7607 , 3.5902 , 0.069532 , 2.51 , 58.8117 , 3.1901 , 0.069532 , 2.51 , 58.7970 , 3.1888 , 
27 , 0.916666666666667 , 29 , OFF , NA , ON , NA , Sklansky , NO , 128 , 1 , 1 , 1 , 1 , 1 , 1 , 1 , 1 , 29209 , Multiplier_unq1 , Multiplier , 10138 , 39 , 30 , 27920 , 0 , 29209 , 0 , 29211 , 0 , 0 , 2.54 , 0 , 3.23 , 0.9 , 10177 , svt , 0.069495 , 2.54 , 57.7481 , 3.1694 , 0.064468907154 , 1.98 , 45.7642 , 3.5920 , 0.069495 , 2.54 , 57.7481 , 3.1694 , 0.069495 , 2.52 , 57.7713 , 3.1665 , 
27 , 0.916666666666667 , 29 , OFF , NA , ON , NA , Sklansky , NO , 128 , 1 , 1 , 1 , 1 , 1 , 1 , 1 , 1 , 28580 , Multiplier_unq1 , Multiplier , 2559 , 36 , 30 , 27924 , 0 , 28580 , 0 , 28580 , 0 , 0 , 2.91 , 0 , 3.73751457135621 , 0.9 , 2595 , svt , 0.068832 , 2.91 , 57.4683 , 3.1169 , 0.064406990754 , 2.30 , 45.7171 , 3.5765 , 0.068832 , 2.91 , 57.4683 , 3.1169 , 0.068832 , 2.91 , 57.5075 , 3.1166 , 
27 , 0.916666666666667 , 29 , OFF , NA , ON , NA , Sklansky , NO , 128 , 1 , 1 , 1 , 1 , 1 , 1 , 1 , 1 , 28564 , Multiplier_unq1 , Multiplier , 2628 , 38 , 30 , 27935 , 0 , 28564 , 0 , 28566 , 0 , 0 , 3.32 , 0 , 4.28497397886503 , 0.9 , 2666 , svt , 0.068759 , 3.32 , 56.9513 , 3.0833 , 0.064391996752 , 2.29 , 45.6463 , 3.5598 , 0.068759 , 3.32 , 56.9513 , 3.0833 , 0.068759 , 3.32 , 56.9508 , 3.0832 , 
27 , 0.916666666666667 , 29 , OFF , NA , ON , NA , Sklansky , NO , 128 , 1 , 1 , 1 , 1 , 1 , 1 , 1 , 1 , 28571 , Multiplier_unq1 , Multiplier , 2595 , 37 , 30 , 27995 , 0 , 28571 , 0 , 28569 , 0 , 0 , 3.63 , 0 , 4.91262352266572 , 0.9 , 2632 , svt , 0.068722 , 3.63 , 57.2981 , 3.0595 , 0.064420926355 , 2.35 , 45.7540 , 3.5898 , 0.068722 , 3.63 , 57.2981 , 3.0595 , 0.068722 , 3.64 , 57.3010 , 3.0595 , 
27 , 0.916666666666667 , 29 , OFF , NA , ON , NA , Sklansky , NO , 128 , 1 , 1 , 1 , 1 , 1 , 1 , 1 , 1 , 28596 , Multiplier_unq1 , Multiplier , 2528 , 36 , 30 , 28014 , 0 , 28596 , 0 , 28598 , 0 , 0 , 3.75 , 0 , 6.45719753453462 , 0.9 , 2564 , svt , 0.068722 , 3.75 , 57.9547 , 3.0582 , 0.064416692754 , 2.30 , 45.6897 , 3.5586 , 0.068722 , 3.75 , 57.9547 , 3.0582 , 0.068722 , 3.75 , 57.9190 , 3.0581 , 
27 , 0.916666666666667 , 29 , OFF , NA , ON , NA , Sklansky , NO , 128 , 1 , 1 , 1 , 1 , 1 , 1 , 1 , 1 , 28624 , Multiplier_unq1 , Multiplier , 2580 , 37 , 30 , 28026 , 0 , 28624 , 0 , 28628 , 0 , 0 , 3.77 , 0 , 5.63220920231607 , 0.9 , 2617 , svt , 0.068759 , 3.77 , 58.0067 , 3.0624 , 0.064423748755 , 2.30 , 45.6799 , 3.5557 , 0.068759 , 3.77 , 58.0067 , 3.0624 , 0.068759 , 3.76 , 58.0121 , 3.0625 , 
27 , 0.916666666666667 , 29 , OFF , NA , ON , NA , Sklansky , NO , 128 , 1 , 1 , 1 , 1 , 1 , 1 , 1 , 1 , 28597 , Multiplier_unq1 , Multiplier , 2443 , 38 , 30 , 28021 , 0 , 28597 , 0 , 28600 , 0 , 0 , 3.82 , 0 , 9.7306075149245 , 0.9 , 2481 , svt , 0.068722 , 3.82 , 57.8764 , 3.0593 , 0.064405050352 , 2.42 , 45.5723 , 3.5566 , 0.068722 , 3.82 , 57.8764 , 3.0593 , 0.068722 , 3.83 , 57.8756 , 3.0593 , 
27 , 0.916666666666667 , 29 , OFF , NA , ON , NA , Sklansky , NO , 128 , 1 , 1 , 1 , 1 , 1 , 1 , 1 , 1 , 28675 , Multiplier_unq1 , Multiplier , 2523 , 37 , 30 , 28003 , 0 , 28675 , 0 , 28668 , 0 , 0 , 3.98 , 0 , 7.40302756915599 , 0.9 , 2560 , svt , 0.068759 , 3.98 , 59.7673 , 3.0728 , 0.064401698752 , 2.35 , 45.6111 , 3.5622 , 0.068759 , 3.98 , 59.7673 , 3.0728 , 0.068759 , 3.98 , 59.7685 , 3.0724 , 
27 , 0.916666666666667 , 29 , OFF , NA , ON , NA , Sklansky , NO , 128 , 1 , 1 , 1 , 1 , 1 , 1 , 1 , 1 , 28690 , Multiplier_unq1 , Multiplier , 2500 , 36 , 30 , 28006 , 0 , 28690 , 0 , 28687 , 0 , 0 , 4.18 , 0 , 8.48739981959272 , 0.9 , 2536 , svt , 0.068759 , 4.18 , 59.9932 , 3.0767 , 0.064397288751 , 2.37 , 45.6292 , 3.5472 , 0.068759 , 4.18 , 59.9932 , 3.0767 , 0.068759 , 4.17 , 59.9861 , 3.0770 , 
27 , 0.916666666666667 , 29 , OFF , NA , ON , NA , Sklansky , NO , 128 , 1 , 1 , 1 , 1 , 1 , 1 , 1 , 1 , 28564 , Multiplier_unq1 , Multiplier , 2628 , 38 , 30 , 27935 , 0 , 28564 , 0 , 28566 , 0 , 0 , 4.26 , 1 , 4.28497397886503 , 0.9 , 2666 , svt , 0.068759 , 4.26 , 46.0639 , 2.2951 , 0.064391996752 , 2.98 , 36.9786 , 2.6471 , 0.068759 , 4.26 , 46.0639 , 2.2951 , 0.068759 , 4.25 , 46.0637 , 2.2950 , 
27 , 0.916666666666667 , 29 , OFF , NA , ON , NA , Sklansky , NO , 128 , 1 , 1 , 1 , 1 , 1 , 1 , 1 , 1 , 28571 , Multiplier_unq1 , Multiplier , 2595 , 37 , 30 , 27995 , 0 , 28571 , 0 , 28569 , 0 , 0 , 4.66 , 1 , 4.91262352266572 , 0.9 , 2632 , svt , 0.068722 , 4.66 , 46.3386 , 2.2775 , 0.064420926355 , 3.07 , 37.0643 , 2.6693 , 0.068722 , 4.66 , 46.3386 , 2.2775 , 0.068722 , 4.67 , 46.3408 , 2.2775 , 
27 , 0.916666666666667 , 29 , OFF , NA , ON , NA , Sklansky , NO , 128 , 1 , 1 , 1 , 1 , 1 , 1 , 1 , 1 , 28596 , Multiplier_unq1 , Multiplier , 2528 , 36 , 30 , 28014 , 0 , 28596 , 0 , 28598 , 0 , 0 , 4.82 , 1 , 6.45719753453462 , 0.9 , 2564 , svt , 0.068722 , 4.82 , 46.8649 , 2.2765 , 0.064416692754 , 3.00 , 37.0124 , 2.6463 , 0.068722 , 4.82 , 46.8649 , 2.2765 , 0.068722 , 4.81 , 46.8362 , 2.2765 , 
27 , 0.916666666666667 , 29 , OFF , NA , ON , NA , Sklansky , NO , 128 , 1 , 1 , 1 , 1 , 1 , 1 , 1 , 1 , 28624 , Multiplier_unq1 , Multiplier , 2580 , 37 , 30 , 28026 , 0 , 28624 , 0 , 28628 , 0 , 0 , 4.84 , 1 , 5.63220920231607 , 0.9 , 2617 , svt , 0.068759 , 4.84 , 46.9074 , 2.2796 , 0.064423748755 , 2.99 , 37.0036 , 2.6441 , 0.068759 , 4.84 , 46.9074 , 2.2796 , 0.068759 , 4.83 , 46.9117 , 2.2797 , 
27 , 0.916666666666667 , 29 , OFF , NA , ON , NA , Sklansky , NO , 128 , 1 , 1 , 1 , 1 , 1 , 1 , 1 , 1 , 28597 , Multiplier_unq1 , Multiplier , 2443 , 38 , 30 , 28021 , 0 , 28597 , 0 , 28600 , 0 , 0 , 4.91 , 1 , 9.7306075149245 , 0.9 , 2481 , svt , 0.068722 , 4.91 , 46.8021 , 2.2773 , 0.064405050352 , 3.15 , 36.9189 , 2.6447 , 0.068722 , 4.91 , 46.8021 , 2.2773 , 0.068722 , 4.93 , 46.8014 , 2.2773 , 
27 , 0.916666666666667 , 29 , OFF , NA , ON , NA , Sklansky , NO , 128 , 1 , 1 , 1 , 1 , 1 , 1 , 1 , 1 , 28675 , Multiplier_unq1 , Multiplier , 2523 , 37 , 30 , 28003 , 0 , 28675 , 0 , 28668 , 0 , 0 , 5.09 , 1 , 7.40302756915599 , 0.9 , 2560 , svt , 0.068759 , 5.09 , 48.3257 , 2.2873 , 0.064401698752 , 3.06 , 36.9485 , 2.6488 , 0.068759 , 5.09 , 48.3257 , 2.2873 , 0.068759 , 5.10 , 48.3266 , 2.2870 , 
27 , 0.916666666666667 , 29 , OFF , NA , ON , NA , Sklansky , NO , 128 , 1 , 1 , 1 , 1 , 1 , 1 , 1 , 1 , 28690 , Multiplier_unq1 , Multiplier , 2500 , 36 , 30 , 28006 , 0 , 28690 , 0 , 28687 , 0 , 0 , 5.34 , 1 , 8.48739981959272 , 0.9 , 2536 , svt , 0.068759 , 5.34 , 48.5098 , 2.2902 , 0.064397288751 , 3.08 , 36.9622 , 2.6377 , 0.068759 , 5.34 , 48.5098 , 2.2902 , 0.068759 , 5.32 , 48.5039 , 2.2905 , 
27 , 0.916666666666667 , 29 , OFF , NA , ON , NA , Sklansky , NO , 128 , 1 , 1 , 1 , 1 , 1 , 1 , 1 , 1 , 28597 , Multiplier_unq1 , Multiplier , 2443 , 38 , 30 , 28021 , 0 , 28597 , 0 , 28600 , 0 , 0 , 6.89 , 0 , 9.7306075149245 , 0.9 , 2481 , svt , 0.068722 , 6.89 , 37.1347 , 1.6700 , 0.064405050352 , 4.49 , 29.3664 , 1.9372 , 0.068722 , 6.89 , 37.1347 , 1.6700 , 0.068722 , 6.92 , 37.1342 , 1.6700 , 
27 , 0.916666666666667 , 29 , OFF , NA , ON , NA , Sklansky , NO , 128 , 1 , 1 , 1 , 1 , 1 , 1 , 1 , 1 , 28675 , Multiplier_unq1 , Multiplier , 2523 , 37 , 30 , 28003 , 0 , 28675 , 0 , 28668 , 0 , 0 , 7.10 , 0 , 7.40302756915599 , 0.9 , 2560 , svt , 0.068759 , 7.10 , 38.3349 , 1.6773 , 0.064401698752 , 4.34 , 29.3890 , 1.9403 , 0.068759 , 7.10 , 38.3349 , 1.6773 , 0.068759 , 7.13 , 38.3355 , 1.6771 , 
27 , 0.916666666666667 , 29 , OFF , NA , ON , NA , Sklansky , NO , 128 , 1 , 1 , 1 , 1 , 1 , 1 , 1 , 1 , 28690 , Multiplier_unq1 , Multiplier , 2500 , 36 , 30 , 28006 , 0 , 28690 , 0 , 28687 , 0 , 0 , 7.43 , 0 , 8.48739981959272 , 0.9 , 2536 , svt , 0.068759 , 7.43 , 38.4807 , 1.6794 , 0.064397288751 , 4.37 , 29.3994 , 1.9322 , 0.068759 , 7.43 , 38.4807 , 1.6794 , 0.068759 , 7.41 , 38.4760 , 1.6796 , 
27 , 0.916666666666667 , 29 , OFF , NA , ON , NA , Sklansky , NO , 128 , 1 , 1 , 1 , 1 , 1 , 1 , 1 , 1 , 29677 , Multiplier_unq1 , Multiplier , 3180 , 38 , 30 , 28546 , 0 , 29677 , 0 , 29678 , 0 , 0 , 9.87 , 0 , 20 , 0.9 , 3218 , svt , 0.05651 , 9.87 , 46.9170 , 2.2234 , 0.052573728174 , 7.56 , 38.9688 , 2.5332 , 0.05651 , 9.87 , 46.9170 , 2.2234 , 0.05651 , 9.87 , 46.9048 , 2.2229 , 
27 , 0.916666666666667 , 29 , OFF , NA , ON , NA , Sklansky , NO , 128 , 1 , 1 , 1 , 1 , 1 , 1 , 1 , 1 , 29677 , Multiplier_unq1 , Multiplier , 3180 , 38 , 30 , 28546 , 0 , 29677 , 0 , 29678 , 0 , 0 , 12.79 , 1 , 20 , 0.9 , 3218 , svt , 0.05651 , 12.79 , 37.9410 , 1.6516 , 0.052573728174 , 9.99 , 31.4790 , 1.8804 , 0.05651 , 12.79 , 37.9410 , 1.6516 , 0.05651 , 12.78 , 37.9310 , 1.6512 , 
27 , 0.916666666666667 , 29 , OFF , NA , ON , NA , Sklansky , NO , 128 , 1 , 1 , 1 , 1 , 1 , 1 , 1 , 1 , 29677 , Multiplier_unq1 , Multiplier , 3180 , 38 , 30 , 28546 , 0 , 29677 , 0 , 29678 , 0 , 0 , 18.10 , 0 , 20 , 0.9 , 3218 , svt , 0.05651 , 18.10 , 30.1303 , 1.2086 , 0.052573728174 , 14.44 , 25.0219 , 1.3752 , 0.05651 , 18.10 , 30.1303 , 1.2086 , 0.05651 , 18.08 , 30.1223 , 1.2083 , 
28 , 0.95 , 29 , ON , NA , NA , NA , NA , NO , 128 , 1 , 1 , 1 , 1 , 1 , 1 , 1 , 1 , 28364 , Multiplier_unq1 , Multiplier , 4248 , 34 , 30 , 27177 , 0 , 28364 , 0 , 28366 , 0 , 0 , 24.30 , 0 , 40 , 0.9 , 4282 , svt , 0.055417 , 24.30 , 51.9344 , 2.2424 , 0.051331342977 , 18.95 , 37.7724 , 2.4270 , 0.055417 , 24.30 , 51.9344 , 2.2424 , 0.055417 , 24.33 , 51.9155 , 2.2429 , 
28 , 0.95 , 29 , ON , NA , NA , NA , NA , NO , 128 , 1 , 1 , 1 , 1 , 1 , 1 , 1 , 1 , 28364 , Multiplier_unq1 , Multiplier , 4248 , 34 , 30 , 27177 , 0 , 28364 , 0 , 28366 , 0 , 0 , 31.92 , 1 , 40 , 0.9 , 4282 , svt , 0.055417 , 31.92 , 41.9990 , 1.6653 , 0.051331342977 , 24.92 , 30.5180 , 1.8018 , 0.055417 , 31.92 , 41.9990 , 1.6653 , 0.055417 , 31.96 , 41.9838 , 1.6657 , 
0 , 0.0166666666666667 , 29 , OFF , 1 , OFF , Array , DesignWare , NO , 128 , 1 , 1 , 1 , 0 , 1 , 1 , 1 , 1 , 60952 , Multiplier_unq1 , Multiplier , 13330 , 81 , 30 , 59906 , 0 , 60952 , 0 , 60714 , 0 , 0 , 15.25 , 0 , 20 , 0.9 , 13411 , svt , 0.099192 , 15.25 , 73.4218 , 2.9790 , 0.093764714967 , 12.19 , 70.7394 , 4.0084 , 0.099192 , 15.25 , 73.4218 , 2.9790 , 0.099101 , 15.27 , 77.9472 , 3.1447 , 
1 , 0.05 , 29 , OFF , 1 , OFF , Array , Sklansky , NO , 128 , 1 , 1 , 1 , 0 , 1 , 1 , 1 , 1 , 37419 , Multiplier_unq1 , Multiplier , 7599 , 83 , 30 , 36709 , 0 , 37419 , 0 , 37684 , 0 , 0 , 15.10 , 0 , 20 , 0.9 , 7682 , svt , 0.090805 , 15.10 , 90.6700 , 4.5357 , 0.086579764076 , 12.23 , 83.5283 , 4.8998 , 0.090805 , 15.10 , 90.6700 , 4.5357 , 0.090896 , 15.32 , 96.0751 , 4.5588 , 
1 , 0.05 , 29 , OFF , 1 , OFF , Array , Sklansky , NO , 128 , 1 , 1 , 1 , 0 , 1 , 1 , 1 , 1 , 36562 , Multiplier_unq1 , Multiplier , 56011 , 82 , 30 , 35889 , 0 , 36562 , 0 , 36470 , 0 , 0 , 15.34 , 0 , 27.08 , 0.9 , 56093 , svt , 0.090488 , 15.34 , 91.6631 , 4.6017 , 0.085549058807 , 13.54 , 83.7185 , 4.8512 , 0.090488 , 15.34 , 91.6631 , 4.6017 , 0.090442 , 16.13 , 95.4850 , 4.6114 , 
1 , 0.05 , 29 , OFF , 1 , OFF , Array , Sklansky , NO , 128 , 1 , 1 , 1 , 0 , 1 , 1 , 1 , 1 , 36562 , Multiplier_unq1 , Multiplier , 56011 , 82 , 30 , 35889 , 0 , 36562 , 0 , 36470 , 0 , 0 , 20.05 , 1 , 27.08 , 0.9 , 56093 , svt , 0.090488 , 20.05 , 74.3554 , 3.4195 , 0.085549058807 , 17.74 , 67.8430 , 3.6032 , 0.090488 , 20.05 , 74.3554 , 3.4195 , 0.090442 , 21.07 , 77.4470 , 3.4267 , 
2 , 0.0833333333333333 , 29 , OFF , 1 , OFF , OS1 , DesignWare , NO , 128 , 1 , 1 , 1 , 0 , 1 , 1 , 1 , 1 , 34573 , Multiplier_unq1 , Multiplier , 8545 , 94 , 30 , 34084 , 0 , 34573 , 0 , 34534 , 0 , 0 , 15.38 , 0 , 20 , 0.9 , 8639 , svt , 0.088901 , 15.38 , 61.7967 , 4.5736 , 0.084157439215 , 12.22 , 49.5526 , 4.8225 , 0.088901 , 15.38 , 61.7967 , 4.5736 , 0.08881 , 15.26 , 62.3619 , 4.5837 , 
3 , 0.116666666666667 , 29 , OFF , 1 , OFF , Wallace , DesignWare , NO , 128 , 1 , 1 , 1 , 0 , 1 , 1 , 1 , 1 , 67294 , Multiplier_unq1 , Multiplier , 18918 , 78 , 30 , 66405 , 0 , 67294 , 0 , 68026 , 0 , 0 , 2.95 , 0 , 3.58838739906157 , 0.9 , 18996 , svt , 0.102248 , 2.95 , 65.9870 , 3.2680 , 0.095909563179 , 2.20 , 46.2212 , 3.4985 , 0.102248 , 2.95 , 65.9870 , 3.2680 , 0.103665 , 2.84 , 61.9606 , 3.1364 , 
3 , 0.116666666666667 , 29 , OFF , 1 , OFF , Wallace , DesignWare , NO , 128 , 1 , 1 , 1 , 0 , 1 , 1 , 1 , 1 , 66592 , Multiplier_unq1 , Multiplier , 18915 , 78 , 30 , 65927 , 0 , 66592 , 0 , 67868 , 0 , 0 , 3.59 , 0 , 4.42479324981576 , 0.9 , 18993 , svt , 0.102385 , 3.59 , 66.1950 , 3.3240 , 0.096694895971 , 2.71 , 48.2409 , 3.7346 , 0.102385 , 3.59 , 66.1950 , 3.3240 , 0.103984 , 3.73 , 66.8553 , 3.5203 , 
3 , 0.116666666666667 , 29 , OFF , 1 , OFF , Wallace , DesignWare , NO , 128 , 1 , 1 , 1 , 0 , 1 , 1 , 1 , 1 , 65492 , Multiplier_unq1 , Multiplier , 15800 , 78 , 30 , 64696 , 0 , 65492 , 0 , 67013 , 0 , 0 , 4.27 , 0 , 5.45615429056943 , 0.9 , 15878 , svt , 0.101289 , 4.27 , 65.0214 , 3.1603 , 0.095941138616 , 3.34 , 47.9968 , 3.7223 , 0.101289 , 4.27 , 65.0214 , 3.1603 , 0.103665 , 4.34 , 66.4642 , 3.4684 , 
3 , 0.116666666666667 , 29 , OFF , 1 , OFF , Wallace , DesignWare , NO , 128 , 1 , 1 , 1 , 0 , 1 , 1 , 1 , 1 , 55937 , Multiplier_unq1 , Multiplier , 12528 , 78 , 30 , 55209 , 0 , 55937 , 0 , 56018 , 0 , 0 , 7.86 , 0 , 10.2298113029089 , 0.9 , 12606 , svt , 0.097314 , 7.86 , 61.8803 , 3.1747 , 0.091800853255 , 6.25 , 47.6140 , 3.8985 , 0.097314 , 7.86 , 61.8803 , 3.1747 , 0.097405 , 7.86 , 61.6221 , 3.2806 , 
3 , 0.116666666666667 , 29 , OFF , 1 , OFF , Wallace , DesignWare , NO , 128 , 1 , 1 , 1 , 0 , 1 , 1 , 1 , 1 , 48798 , Multiplier_unq1 , Multiplier , 10405 , 77 , 30 , 48123 , 0 , 48798 , 0 , 48746 , 0 , 0 , 9.74 , 0 , 12.6142456112285 , 0.9 , 10482 , svt , 0.094527 , 9.74 , 61.6534 , 3.6290 , 0.089263338541 , 7.71 , 48.5745 , 4.1868 , 0.094527 , 9.74 , 61.6534 , 3.6290 , 0.09471 , 9.71 , 60.4159 , 3.5717 , 
3 , 0.116666666666667 , 29 , OFF , 1 , OFF , Wallace , DesignWare , NO , 128 , 1 , 1 , 1 , 0 , 1 , 1 , 1 , 1 , 41368 , Multiplier_unq1 , Multiplier , 9252 , 76 , 30 , 40767 , 0 , 41368 , 0 , 41303 , 0 , 0 , 11.85 , 0 , 15.5544601585321 , 0.9 , 9328 , svt , 0.091695 , 11.85 , 66.8674 , 4.1302 , 0.086510792208 , 9.48 , 50.1229 , 4.5768 , 0.091695 , 11.85 , 66.8674 , 4.1302 , 0.091603 , 11.95 , 60.9905 , 4.1253 , 
3 , 0.116666666666667 , 29 , OFF , 1 , OFF , Wallace , DesignWare , NO , 128 , 1 , 1 , 1 , 0 , 1 , 1 , 1 , 1 , 35163 , Multiplier_unq1 , Multiplier , 8904 , 80 , 30 , 34507 , 0 , 35163 , 0 , 34950 , 0 , 0 , 14.68 , 0 , 20 , 0.9 , 8984 , svt , 0.089364 , 14.68 , 66.5647 , 4.5941 , 0.084402105988 , 12.15 , 50.5535 , 4.8307 , 0.089364 , 14.68 , 66.5647 , 4.5941 , 0.089227 , 14.65 , 63.0882 , 4.5930 , 
3 , 0.116666666666667 , 29 , OFF , 1 , OFF , Wallace , DesignWare , NO , 128 , 1 , 1 , 1 , 0 , 1 , 1 , 1 , 1 , 41368 , Multiplier_unq1 , Multiplier , 9252 , 76 , 30 , 40767 , 0 , 41368 , 0 , 41303 , 0 , 0 , 15.39 , 1 , 15.5544601585321 , 0.9 , 9328 , svt , 0.091695 , 15.39 , 54.1578 , 3.0714 , 0.086510792208 , 12.44 , 40.5956 , 3.4005 , 0.091695 , 15.39 , 54.1578 , 3.0714 , 0.091603 , 15.52 , 49.4206 , 3.0677 , 
3 , 0.116666666666667 , 29 , OFF , 1 , OFF , Wallace , DesignWare , NO , 128 , 1 , 1 , 1 , 0 , 1 , 1 , 1 , 1 , 35163 , Multiplier_unq1 , Multiplier , 8904 , 80 , 30 , 34507 , 0 , 35163 , 0 , 34950 , 0 , 0 , 19.18 , 1 , 20 , 0.9 , 8984 , svt , 0.089364 , 19.18 , 53.9327 , 3.4152 , 0.084402105988 , 16.00 , 40.9428 , 3.5894 , 0.089364 , 19.18 , 53.9327 , 3.4152 , 0.089227 , 19.06 , 51.1332 , 3.4144 , 
4 , 0.15 , 29 , OFF , 1 , OFF , Wallace , Sklansky , NO , 128 , 1 , 1 , 1 , 0 , 1 , 1 , 1 , 1 , 37440 , Multiplier_unq1 , Multiplier , 8633 , 83 , 30 , 36676 , 0 , 37440 , 0 , 37298 , 0 , 0 , 3.38 , 0 , 4.47097882584315 , 0.9 , 8716 , svt , 0.091238 , 3.38 , 68.1519 , 4.5994 , 0.086148113223 , 2.32 , 52.0325 , 4.8558 , 0.091238 , 3.38 , 68.1519 , 4.5994 , 0.091238 , 3.22 , 64.6513 , 4.5948 , 
4 , 0.15 , 29 , OFF , 1 , OFF , Wallace , Sklansky , NO , 128 , 1 , 1 , 1 , 0 , 1 , 1 , 1 , 1 , 37477 , Multiplier_unq1 , Multiplier , 7946 , 78 , 30 , 36674 , 0 , 37477 , 0 , 37310 , 0 , 0 , 3.41 , 0 , 4.47699092129427 , 0.9 , 8024 , svt , 0.091238 , 3.41 , 66.4316 , 4.6012 , 0.086146702023 , 2.33 , 52.0382 , 4.8561 , 0.091238 , 3.41 , 66.4316 , 4.6012 , 0.091283 , 3.34 , 65.1333 , 4.5995 , 
4 , 0.15 , 29 , OFF , 1 , OFF , Wallace , Sklansky , NO , 128 , 1 , 1 , 1 , 0 , 1 , 1 , 1 , 1 , 37464 , Multiplier_unq1 , Multiplier , 8571 , 87 , 30 , 36675 , 0 , 37464 , 0 , 37374 , 0 , 0 , 3.41 , 0 , 4.4529909375462 , 0.9 , 8658 , svt , 0.091238 , 3.41 , 67.9187 , 4.5968 , 0.086147760423 , 2.31 , 52.0275 , 4.8563 , 0.091238 , 3.41 , 67.9187 , 4.5968 , 0.091283 , 3.42 , 65.3327 , 4.6025 , 
4 , 0.15 , 29 , OFF , 1 , OFF , Wallace , Sklansky , NO , 128 , 1 , 1 , 1 , 0 , 1 , 1 , 1 , 1 , 37438 , Multiplier_unq1 , Multiplier , 8569 , 83 , 30 , 36676 , 0 , 37438 , 0 , 37316 , 0 , 0 , 3.42 , 0 , 4.46497480396027 , 0.9 , 8652 , svt , 0.091238 , 3.42 , 64.0369 , 4.5952 , 0.086148642423 , 2.33 , 52.0293 , 4.8572 , 0.091238 , 3.42 , 64.0369 , 4.5952 , 0.091283 , 3.35 , 65.5394 , 4.5993 , 
4 , 0.15 , 29 , OFF , 1 , OFF , Wallace , Sklansky , NO , 128 , 1 , 1 , 1 , 0 , 1 , 1 , 1 , 1 , 37461 , Multiplier_unq1 , Multiplier , 8523 , 83 , 30 , 36674 , 0 , 37461 , 0 , 37306 , 0 , 0 , 3.42 , 0 , 4.46797580638364 , 0.9 , 8606 , svt , 0.091238 , 3.42 , 66.7307 , 4.5954 , 0.086146702023 , 2.31 , 52.0370 , 4.8575 , 0.091238 , 3.42 , 66.7307 , 4.5954 , 0.091238 , 3.32 , 65.1023 , 4.5971 , 
4 , 0.15 , 29 , OFF , 1 , OFF , Wallace , Sklansky , NO , 128 , 1 , 1 , 1 , 0 , 1 , 1 , 1 , 1 , 37517 , Multiplier_unq1 , Multiplier , 8557 , 87 , 30 , 36677 , 0 , 37517 , 0 , 37298 , 0 , 0 , 3.42 , 0 , 4.45598388536373 , 0.9 , 8644 , svt , 0.091238 , 3.42 , 67.4143 , 4.5983 , 0.086148818823 , 2.33 , 52.0211 , 4.8548 , 0.091238 , 3.42 , 67.4143 , 4.5983 , 0.091238 , 3.40 , 64.8044 , 4.5950 , 
4 , 0.15 , 29 , OFF , 1 , OFF , Wallace , Sklansky , NO , 128 , 1 , 1 , 1 , 0 , 1 , 1 , 1 , 1 , 37479 , Multiplier_unq1 , Multiplier , 52297 , 82 , 30 , 36671 , 0 , 37479 , 0 , 37283 , 0 , 0 , 3.43 , 0 , 4.48 , 0.9 , 52379 , svt , 0.091238 , 3.43 , 65.4269 , 4.5958 , 0.086144056023 , 2.31 , 52.0372 , 4.8564 , 0.091238 , 3.43 , 65.4269 , 4.5958 , 0.091238 , 3.45 , 65.5499 , 4.5984 , 
4 , 0.15 , 29 , OFF , 1 , OFF , Wallace , Sklansky , NO , 128 , 1 , 1 , 1 , 0 , 1 , 1 , 1 , 1 , 37488 , Multiplier_unq1 , Multiplier , 8579 , 83 , 30 , 36677 , 0 , 37488 , 0 , 37349 , 0 , 0 , 3.43 , 0 , 4.47398386369449 , 0.9 , 8662 , svt , 0.091238 , 3.43 , 68.0268 , 4.5946 , 0.086148642423 , 2.33 , 52.0258 , 4.8552 , 0.091238 , 3.43 , 68.0268 , 4.5946 , 0.091283 , 3.31 , 64.7305 , 4.5991 , 
4 , 0.15 , 29 , OFF , 1 , OFF , Wallace , Sklansky , NO , 128 , 1 , 1 , 1 , 0 , 1 , 1 , 1 , 1 , 37456 , Multiplier_unq1 , Multiplier , 8529 , 87 , 30 , 36675 , 0 , 37456 , 0 , 37394 , 0 , 0 , 3.44 , 0 , 4.45897884480373 , 0.9 , 8616 , svt , 0.091238 , 3.44 , 67.5857 , 4.5996 , 0.086147584023 , 2.30 , 52.0344 , 4.8566 , 0.091238 , 3.44 , 67.5857 , 4.5996 , 0.091283 , 3.39 , 64.9203 , 4.5970 , 
4 , 0.15 , 29 , OFF , 1 , OFF , Wallace , Sklansky , NO , 128 , 1 , 1 , 1 , 0 , 1 , 1 , 1 , 1 , 37424 , Multiplier_unq1 , Multiplier , 8541 , 87 , 30 , 36675 , 0 , 37424 , 0 , 37352 , 0 , 0 , 3.44 , 0 , 4.46197581721825 , 0.9 , 8628 , svt , 0.091238 , 3.44 , 67.8502 , 4.5943 , 0.086147936823 , 2.32 , 52.0219 , 4.8579 , 0.091238 , 3.44 , 67.8502 , 4.5943 , 0.091283 , 3.32 , 64.7040 , 4.5990 , 
4 , 0.15 , 29 , OFF , 1 , OFF , Wallace , Sklansky , NO , 128 , 1 , 1 , 1 , 0 , 1 , 1 , 1 , 1 , 37460 , Multiplier_unq1 , Multiplier , 8196 , 82 , 30 , 36674 , 0 , 37460 , 0 , 37326 , 0 , 0 , 3.45 , 0 , 20 , 0.9 , 8278 , svt , 0.091238 , 3.45 , 64.9098 , 4.5927 , 0.086148289623 , 2.25 , 52.0303 , 4.8752 , 0.091238 , 3.45 , 64.9098 , 4.5927 , 0.091238 , 3.40 , 66.2150 , 4.5948 , 
4 , 0.15 , 29 , OFF , 1 , OFF , Wallace , Sklansky , NO , 128 , 1 , 1 , 1 , 0 , 1 , 1 , 1 , 1 , 37440 , Multiplier_unq1 , Multiplier , 8633 , 83 , 30 , 36676 , 0 , 37440 , 0 , 37298 , 0 , 0 , 4.39 , 1 , 4.47097882584315 , 0.9 , 8716 , svt , 0.091238 , 4.39 , 55.2166 , 3.4197 , 0.086148113223 , 3.03 , 42.1481 , 3.6085 , 0.091238 , 4.39 , 55.2166 , 3.4197 , 0.091238 , 4.18 , 52.3992 , 3.4164 , 
4 , 0.15 , 29 , OFF , 1 , OFF , Wallace , Sklansky , NO , 128 , 1 , 1 , 1 , 0 , 1 , 1 , 1 , 1 , 37438 , Multiplier_unq1 , Multiplier , 8569 , 83 , 30 , 36676 , 0 , 37438 , 0 , 37316 , 0 , 0 , 4.41 , 1 , 4.46497480396027 , 0.9 , 8652 , svt , 0.091238 , 4.41 , 51.9034 , 3.4166 , 0.086148642423 , 3.04 , 42.1451 , 3.6096 , 0.091238 , 4.41 , 51.9034 , 3.4166 , 0.091283 , 4.32 , 53.1168 , 3.4197 , 
4 , 0.15 , 29 , OFF , 1 , OFF , Wallace , Sklansky , NO , 128 , 1 , 1 , 1 , 0 , 1 , 1 , 1 , 1 , 37464 , Multiplier_unq1 , Multiplier , 8571 , 87 , 30 , 36675 , 0 , 37464 , 0 , 37374 , 0 , 0 , 4.42 , 1 , 4.4529909375462 , 0.9 , 8658 , svt , 0.091238 , 4.42 , 55.0265 , 3.4178 , 0.086147760423 , 3.02 , 42.1437 , 3.6089 , 0.091238 , 4.42 , 55.0265 , 3.4178 , 0.091283 , 4.44 , 52.9493 , 3.4221 , 
4 , 0.15 , 29 , OFF , 1 , OFF , Wallace , Sklansky , NO , 128 , 1 , 1 , 1 , 0 , 1 , 1 , 1 , 1 , 37477 , Multiplier_unq1 , Multiplier , 7946 , 78 , 30 , 36674 , 0 , 37477 , 0 , 37310 , 0 , 0 , 4.43 , 1 , 4.47699092129427 , 0.9 , 8024 , svt , 0.091238 , 4.43 , 53.8284 , 3.4210 , 0.086146702023 , 3.04 , 42.1527 , 3.6087 , 0.091238 , 4.43 , 53.8284 , 3.4210 , 0.091283 , 4.33 , 52.7877 , 3.4199 , 
4 , 0.15 , 29 , OFF , 1 , OFF , Wallace , Sklansky , NO , 128 , 1 , 1 , 1 , 0 , 1 , 1 , 1 , 1 , 37461 , Multiplier_unq1 , Multiplier , 8523 , 83 , 30 , 36674 , 0 , 37461 , 0 , 37306 , 0 , 0 , 4.44 , 1 , 4.46797580638364 , 0.9 , 8606 , svt , 0.091238 , 4.44 , 54.0693 , 3.4168 , 0.086146702023 , 3.01 , 42.1508 , 3.6097 , 0.091238 , 4.44 , 54.0693 , 3.4168 , 0.091238 , 4.30 , 52.7640 , 3.4181 , 
4 , 0.15 , 29 , OFF , 1 , OFF , Wallace , Sklansky , NO , 128 , 1 , 1 , 1 , 0 , 1 , 1 , 1 , 1 , 37517 , Multiplier_unq1 , Multiplier , 8557 , 87 , 30 , 36677 , 0 , 37517 , 0 , 37298 , 0 , 0 , 4.46 , 1 , 4.45598388536373 , 0.9 , 8644 , svt , 0.091238 , 4.46 , 54.6187 , 3.4188 , 0.086148818823 , 3.04 , 42.1392 , 3.6078 , 0.091238 , 4.46 , 54.6187 , 3.4188 , 0.091238 , 4.41 , 52.5213 , 3.4165 , 
4 , 0.15 , 29 , OFF , 1 , OFF , Wallace , Sklansky , NO , 128 , 1 , 1 , 1 , 0 , 1 , 1 , 1 , 1 , 37456 , Multiplier_unq1 , Multiplier , 8529 , 87 , 30 , 36675 , 0 , 37456 , 0 , 37394 , 0 , 0 , 4.46 , 1 , 4.45897884480373 , 0.9 , 8616 , svt , 0.091238 , 4.46 , 54.7559 , 3.4198 , 0.086147584023 , 3.00 , 42.1494 , 3.6091 , 0.091238 , 4.46 , 54.7559 , 3.4198 , 0.091283 , 4.38 , 52.6147 , 3.4179 , 
4 , 0.15 , 29 , OFF , 1 , OFF , Wallace , Sklansky , NO , 128 , 1 , 1 , 1 , 0 , 1 , 1 , 1 , 1 , 37488 , Multiplier_unq1 , Multiplier , 8579 , 83 , 30 , 36677 , 0 , 37488 , 0 , 37349 , 0 , 0 , 4.46 , 1 , 4.47398386369449 , 0.9 , 8662 , svt , 0.091238 , 4.46 , 55.1142 , 3.4161 , 0.086148642423 , 3.03 , 42.1430 , 3.6081 , 0.091238 , 4.46 , 55.1142 , 3.4161 , 0.091283 , 4.29 , 52.4649 , 3.4195 , 
4 , 0.15 , 29 , OFF , 1 , OFF , Wallace , Sklansky , NO , 128 , 1 , 1 , 1 , 0 , 1 , 1 , 1 , 1 , 37460 , Multiplier_unq1 , Multiplier , 8196 , 82 , 30 , 36674 , 0 , 37460 , 0 , 37326 , 0 , 0 , 4.48 , 1 , 20 , 0.9 , 8278 , svt , 0.091238 , 4.48 , 52.6059 , 3.4147 , 0.086148289623 , 2.93 , 42.1366 , 3.6227 , 0.091238 , 4.48 , 52.6059 , 3.4147 , 0.091238 , 4.42 , 53.6572 , 3.4163 , 
4 , 0.15 , 29 , OFF , 1 , OFF , Wallace , Sklansky , NO , 128 , 1 , 1 , 1 , 0 , 1 , 1 , 1 , 1 , 37460 , Multiplier_unq1 , Multiplier , 8196 , 82 , 30 , 36674 , 0 , 37460 , 0 , 37326 , 0 , 0 , 6.35 , 0 , 20 , 0.9 , 8278 , svt , 0.091238 , 6.35 , 41.8126 , 2.5008 , 0.086148289623 , 4.15 , 33.5244 , 2.6516 , 0.091238 , 6.35 , 41.8126 , 2.5008 , 0.091238 , 6.27 , 42.6402 , 2.5020 , 
5 , 0.183333333333333 , 29 , OFF , 1 , OFF , ZM , Sklansky , NO , 128 , 1 , 1 , 1 , 0 , 1 , 1 , 1 , 1 , 36808 , Multiplier_unq1 , Multiplier , 8311 , 96 , 30 , 36094 , 0 , 36808 , 0 , 36663 , 0 , 0 , 14.11 , 0 , 20 , 0.9 , 8407 , svt , 0.090669 , 14.11 , 63.6290 , 4.5985 , 0.085577635615 , 12.32 , 52.4504 , 4.8043 , 0.090669 , 14.11 , 63.6290 , 4.5985 , 0.090533 , 14.07 , 63.4699 , 4.5894 , 
5 , 0.183333333333333 , 29 , OFF , 1 , OFF , ZM , Sklansky , NO , 128 , 1 , 1 , 1 , 0 , 1 , 1 , 1 , 1 , 36808 , Multiplier_unq1 , Multiplier , 8311 , 96 , 30 , 36094 , 0 , 36808 , 0 , 36663 , 0 , 0 , 18.28 , 1 , 20 , 0.9 , 8407 , svt , 0.090669 , 18.28 , 51.5988 , 3.4195 , 0.085577635615 , 15.98 , 42.5112 , 3.5709 , 0.090669 , 18.28 , 51.5988 , 3.4195 , 0.090533 , 18.23 , 51.4732 , 3.4126 , 
6 , 0.216666666666667 , 29 , OFF , 2 , OFF , Array , DesignWare , NO , 128 , 1 , 1 , 1 , 0 , 1 , 1 , 1 , 1 , 42044 , Multiplier_unq1 , Multiplier , 49917 , 86 , 30 , 41500 , 0 , 42044 , 0 , 41795 , 0 , 0 , 10.33 , 0 , 13.38 , 0.9 , 50003 , svt , 0.073354 , 10.33 , 58.4600 , 2.4027 , 0.069242998102 , 8.14 , 50.3621 , 3.3115 , 0.073354 , 10.33 , 58.4600 , 2.4027 , 0.073405 , 10.25 , 58.8475 , 2.4257 , 
6 , 0.216666666666667 , 29 , OFF , 2 , OFF , Array , DesignWare , NO , 128 , 1 , 1 , 1 , 0 , 1 , 1 , 1 , 1 , 41576 , Multiplier_unq1 , Multiplier , 8636 , 83 , 30 , 41052 , 0 , 41576 , 0 , 41363 , 0 , 0 , 10.73 , 0 , 14.032019461366 , 0.9 , 8719 , svt , 0.073203 , 10.73 , 57.6636 , 2.3882 , 0.069046488455 , 8.54 , 50.4177 , 3.3166 , 0.073203 , 10.73 , 57.6636 , 2.3882 , 0.073153 , 10.77 , 59.5109 , 2.4697 , 
6 , 0.216666666666667 , 29 , OFF , 2 , OFF , Array , DesignWare , NO , 128 , 1 , 1 , 1 , 0 , 1 , 1 , 1 , 1 , 41248 , Multiplier_unq1 , Multiplier , 8648 , 83 , 30 , 40765 , 0 , 41248 , 0 , 41117 , 0 , 0 , 11.18 , 0 , 14.5850051973448 , 0.9 , 8731 , svt , 0.073019 , 11.18 , 57.8571 , 2.4079 , 0.068927242026 , 8.88 , 50.4550 , 3.3252 , 0.073019 , 11.18 , 57.8571 , 2.4079 , 0.073117 , 11.38 , 61.0312 , 2.5088 , 
6 , 0.216666666666667 , 29 , OFF , 2 , OFF , Array , DesignWare , NO , 128 , 1 , 1 , 1 , 0 , 1 , 1 , 1 , 1 , 40882 , Multiplier_unq1 , Multiplier , 8722 , 85 , 30 , 40373 , 0 , 40882 , 0 , 40604 , 0 , 0 , 11.61 , 0 , 15.1597834646864 , 0.9 , 8807 , svt , 0.072823 , 11.61 , 57.6080 , 2.4423 , 0.068775008784 , 9.23 , 50.5226 , 3.3383 , 0.072823 , 11.61 , 57.6080 , 2.4423 , 0.072823 , 11.61 , 59.9666 , 2.4635 , 
6 , 0.216666666666667 , 29 , OFF , 2 , OFF , Array , DesignWare , NO , 128 , 1 , 1 , 1 , 0 , 1 , 1 , 1 , 1 , 40464 , Multiplier_unq1 , Multiplier , 8751 , 84 , 30 , 39964 , 0 , 40464 , 0 , 40216 , 0 , 0 , 12.06 , 0 , 15.7572130819685 , 0.9 , 8835 , svt , 0.072676 , 12.06 , 57.2315 , 2.4137 , 0.068595786342 , 9.60 , 50.5773 , 3.3465 , 0.072676 , 12.06 , 57.2315 , 2.4137 , 0.072627 , 12.08 , 60.0785 , 2.4903 , 
6 , 0.216666666666667 , 29 , OFF , 2 , OFF , Array , DesignWare , NO , 128 , 1 , 1 , 1 , 0 , 1 , 1 , 1 , 1 , 40027 , Multiplier_unq1 , Multiplier , 8739 , 84 , 30 , 39542 , 0 , 40027 , 0 , 39788 , 0 , 0 , 12.55 , 0 , 16.3781867128202 , 0.9 , 8823 , svt , 0.07243 , 12.55 , 57.6763 , 2.4773 , 0.068472835475 , 10.05 , 48.1886 , 3.2031 , 0.07243 , 12.55 , 57.6763 , 2.4773 , 0.072479 , 12.62 , 57.0984 , 2.3730 , 
6 , 0.216666666666667 , 29 , OFF , 2 , OFF , Array , DesignWare , NO , 128 , 1 , 1 , 1 , 0 , 1 , 1 , 1 , 1 , 39580 , Multiplier_unq1 , Multiplier , 8765 , 82 , 30 , 39107 , 0 , 39580 , 0 , 39366 , 0 , 0 , 13.07 , 0 , 17.023632199717 , 0.9 , 8847 , svt , 0.072234 , 13.07 , 56.1683 , 2.4477 , 0.068304373425 , 10.44 , 48.4463 , 3.2222 , 0.072234 , 13.07 , 56.1683 , 2.4477 , 0.072332 , 13.04 , 58.2278 , 2.4520 , 
6 , 0.216666666666667 , 29 , OFF , 2 , OFF , Array , DesignWare , NO , 128 , 1 , 1 , 1 , 0 , 1 , 1 , 1 , 1 , 39089 , Multiplier_unq1 , Multiplier , 8586 , 83 , 30 , 38639 , 0 , 39089 , 0 , 38850 , 0 , 0 , 13.56 , 0 , 17.6945139503382 , 0.9 , 8669 , svt , 0.072038 , 13.56 , 54.3414 , 2.2897 , 0.0680191346 , 10.77 , 50.7176 , 3.3721 , 0.072038 , 13.56 , 54.3414 , 2.2897 , 0.072038 , 13.54 , 59.2003 , 2.4866 , 
6 , 0.216666666666667 , 29 , OFF , 2 , OFF , Array , DesignWare , NO , 128 , 1 , 1 , 1 , 0 , 1 , 1 , 1 , 1 , 38513 , Multiplier_unq1 , Multiplier , 8479 , 84 , 30 , 38033 , 0 , 38513 , 0 , 38211 , 0 , 0 , 14.07 , 0 , 18.3918343785599 , 0.9 , 8563 , svt , 0.071793 , 14.07 , 54.8540 , 2.3420 , 0.067778524934 , 11.19 , 50.7654 , 3.3707 , 0.071793 , 14.07 , 54.8540 , 2.3420 , 0.071793 , 14.12 , 59.2705 , 2.4592 , 
6 , 0.216666666666667 , 29 , OFF , 2 , OFF , Array , DesignWare , NO , 128 , 1 , 1 , 1 , 0 , 1 , 1 , 1 , 1 , 37292 , Multiplier_unq1 , Multiplier , 8268 , 83 , 30 , 36672 , 0 , 37292 , 0 , 36796 , 0 , 0 , 14.47 , 0 , 19.116635402235 , 0.9 , 8351 , svt , 0.071548 , 14.47 , 55.2869 , 2.3831 , 0.067514806834 , 11.60 , 50.7823 , 3.3336 , 0.071548 , 14.47 , 55.2869 , 2.3831 , 0.07145 , 14.59 , 59.0368 , 2.4634 , 
6 , 0.216666666666667 , 29 , OFF , 2 , OFF , Array , DesignWare , NO , 128 , 1 , 1 , 1 , 0 , 1 , 1 , 1 , 1 , 36013 , Multiplier_unq1 , Multiplier , 7598 , 86 , 30 , 35287 , 0 , 36013 , 0 , 35275 , 0 , 0 , 15.19 , 0 , 20 , 0.9 , 7684 , svt , 0.071057 , 15.19 , 55.3879 , 2.4474 , 0.066929864285 , 12.15 , 50.5868 , 3.2455 , 0.071057 , 15.19 , 55.3879 , 2.4474 , 0.070763 , 15.29 , 57.8285 , 2.4523 , 
6 , 0.216666666666667 , 29 , OFF , 2 , OFF , Array , DesignWare , NO , 128 , 1 , 1 , 1 , 0 , 1 , 1 , 1 , 1 , 37292 , Multiplier_unq1 , Multiplier , 8268 , 83 , 30 , 36672 , 0 , 37292 , 0 , 36796 , 0 , 0 , 18.95 , 1 , 19.116635402235 , 0.9 , 8351 , svt , 0.071548 , 18.95 , 44.7523 , 1.7753 , 0.067514806834 , 15.29 , 41.1393 , 2.4776 , 0.071548 , 18.95 , 44.7523 , 1.7753 , 0.07145 , 19.11 , 47.7713 , 1.8347 , 
8 , 0.283333333333333 , 29 , OFF , 2 , OFF , OS1 , DesignWare , NO , 128 , 1 , 1 , 1 , 0 , 1 , 1 , 1 , 1 , 45718 , Multiplier_unq1 , Multiplier , 23123 , 103 , 30 , 44783 , 0 , 45718 , 0 , 47913 , 0 , 0 , 2.62 , 0 , 3.2 , 0.9 , 23226 , svt , 0.077088 , 2.62 , 55.1763 , 2.7570 , 0.070903980839 , 1.97 , 40.0852 , 3.0564 , 0.077088 , 2.62 , 55.1763 , 2.7570 , 0.078702 , 2.60 , 55.9098 , 2.8019 , 
8 , 0.283333333333333 , 29 , OFF , 2 , OFF , OS1 , DesignWare , NO , 128 , 1 , 1 , 1 , 0 , 1 , 1 , 1 , 1 , 28876 , Multiplier_unq1 , Multiplier , 7010 , 101 , 30 , 27898 , 0 , 28876 , 0 , 27926 , 0 , 0 , 15.36 , 0 , 20 , 0.9 , 7111 , svt , 0.068612 , 15.36 , 53.3438 , 3.0499 , 0.064259696729 , 12.16 , 41.2772 , 3.3129 , 0.068612 , 15.36 , 53.3438 , 3.0499 , 0.068007 , 15.37 , 52.8608 , 3.0331 , 
10 , 0.35 , 29 , OFF , 2 , OFF , Wallace , DesignWare , NO , 128 , 1 , 1 , 1 , 0 , 1 , 1 , 1 , 1 , 29291 , Multiplier_unq1 , Multiplier , 7089 , 86 , 30 , 28401 , 0 , 29291 , 0 , 28568 , 0 , 0 , 15.31 , 0 , 20 , 0.9 , 7175 , svt , 0.069214 , 15.31 , 54.2303 , 3.0796 , 0.064692582337 , 12.16 , 41.7472 , 3.3349 , 0.069214 , 15.31 , 54.2303 , 3.0796 , 0.068549 , 14.33 , 54.4016 , 3.0577 , 
10 , 0.35 , 29 , OFF , 2 , OFF , Wallace , DesignWare , NO , 128 , 1 , 1 , 1 , 0 , 1 , 1 , 1 , 1 , 29239 , Multiplier_unq1 , Multiplier , 13944 , 86 , 30 , 28381 , 0 , 29239 , 0 , 28726 , 0 , 0 , 15.43 , 0 , 20.11 , 0.9 , 14030 , svt , 0.069214 , 15.43 , 53.8464 , 3.0666 , 0.064677059134 , 12.23 , 41.7311 , 3.3330 , 0.069214 , 15.43 , 53.8464 , 3.0666 , 0.068549 , 14.94 , 57.8050 , 3.0734 , 
10 , 0.35 , 29 , OFF , 2 , OFF , Wallace , DesignWare , NO , 128 , 1 , 1 , 1 , 0 , 1 , 1 , 1 , 1 , 29291 , Multiplier_unq1 , Multiplier , 7089 , 86 , 30 , 28401 , 0 , 29291 , 0 , 28568 , 0 , 0 , 20.00 , 1 , 20 , 0.9 , 7175 , svt , 0.069214 , 20.00 , 43.8791 , 2.2921 , 0.064692582337 , 16.00 , 33.8569 , 2.4805 , 0.069214 , 20.00 , 43.8791 , 2.2921 , 0.068549 , 18.66 , 44.0170 , 2.2759 , 
12 , 0.416666666666667 , 29 , OFF , 2 , OFF , ZM , DesignWare , NO , 128 , 1 , 1 , 1 , 0 , 1 , 1 , 1 , 1 , 46441 , Multiplier_unq1 , Multiplier , 22648 , 98 , 30 , 45775 , 0 , 46441 , 0 , 47482 , 0 , 0 , 2.56 , 0 , 3.2 , 0.9 , 22746 , svt , 0.077945 , 2.56 , 52.0222 , 2.5867 , 0.07286290293 , 1.98 , 43.3996 , 3.2808 , 0.077945 , 2.56 , 52.0222 , 2.5867 , 0.078803 , 2.56 , 54.1971 , 2.6293 , 
12 , 0.416666666666667 , 29 , OFF , 2 , OFF , ZM , DesignWare , NO , 128 , 1 , 1 , 1 , 0 , 1 , 1 , 1 , 1 , 45249 , Multiplier_unq1 , Multiplier , 11407 , 101 , 30 , 44629 , 0 , 45249 , 0 , 46680 , 0 , 0 , 3.26 , 0 , 4.02527767127604 , 0.9 , 11508 , svt , 0.076634 , 3.26 , 53.2360 , 2.6056 , 0.071405309608 , 2.49 , 41.9110 , 3.1554 , 0.076634 , 3.26 , 53.2360 , 2.6056 , 0.077996 , 3.26 , 54.9843 , 2.6591 , 
12 , 0.416666666666667 , 29 , OFF , 2 , OFF , ZM , DesignWare , NO , 128 , 1 , 1 , 1 , 0 , 1 , 1 , 1 , 1 , 44727 , Multiplier_unq1 , Multiplier , 11922 , 99 , 30 , 44211 , 0 , 44727 , 0 , 45725 , 0 , 0 , 3.81 , 0 , 4.80797042459152 , 0.9 , 12021 , svt , 0.076108 , 3.81 , 51.4182 , 2.4518 , 0.071321872377 , 2.96 , 42.0039 , 3.1728 , 0.076108 , 3.81 , 51.4182 , 2.4518 , 0.076942 , 3.79 , 53.2683 , 2.4575 , 
12 , 0.416666666666667 , 29 , OFF , 2 , OFF , ZM , DesignWare , NO , 128 , 1 , 1 , 1 , 0 , 1 , 1 , 1 , 1 , 44150 , Multiplier_unq1 , Multiplier , 10345 , 99 , 30 , 43628 , 0 , 44150 , 0 , 45097 , 0 , 0 , 4.46 , 0 , 5.74285341076078 , 0.9 , 10444 , svt , 0.075471 , 4.46 , 50.5592 , 2.3504 , 0.070694946714 , 3.53 , 41.5140 , 3.1217 , 0.075471 , 4.46 , 50.5592 , 2.3504 , 0.07601 , 4.57 , 53.0759 , 2.3823 , 
12 , 0.416666666666667 , 29 , OFF , 2 , OFF , ZM , DesignWare , NO , 128 , 1 , 1 , 1 , 0 , 1 , 1 , 1 , 1 , 40744 , Multiplier_unq1 , Multiplier , 8775 , 99 , 30 , 40256 , 0 , 40744 , 0 , 40869 , 0 , 0 , 7.52 , 0 , 9.78645854524829 , 0.9 , 8874 , svt , 0.073509 , 7.52 , 49.8847 , 2.3291 , 0.069054249973 , 6.00 , 41.2066 , 3.1867 , 0.073509 , 7.52 , 49.8847 , 2.3291 , 0.073362 , 7.54 , 51.5291 , 2.2676 , 
12 , 0.416666666666667 , 29 , OFF , 2 , OFF , ZM , DesignWare , NO , 128 , 1 , 1 , 1 , 0 , 1 , 1 , 1 , 1 , 37857 , Multiplier_unq1 , Multiplier , 8385 , 101 , 30 , 37393 , 0 , 37857 , 0 , 37705 , 0 , 0 , 8.98 , 0 , 11.6893807308773 , 0.9 , 8486 , svt , 0.072136 , 8.98 , 49.9252 , 2.4467 , 0.067922114489 , 7.15 , 41.4478 , 3.2395 , 0.072136 , 8.98 , 49.9252 , 2.4467 , 0.071989 , 8.97 , 49.8997 , 2.3986 , 
12 , 0.416666666666667 , 29 , OFF , 2 , OFF , ZM , DesignWare , NO , 128 , 1 , 1 , 1 , 0 , 1 , 1 , 1 , 1 , 34799 , Multiplier_unq1 , Multiplier , 7794 , 100 , 30 , 34315 , 0 , 34799 , 0 , 34532 , 0 , 0 , 10.64 , 0 , 13.9623155035741 , 0.9 , 7894 , svt , 0.070812 , 10.64 , 50.4249 , 2.5991 , 0.066661206979 , 8.53 , 41.5980 , 3.3142 , 0.070812 , 10.64 , 50.4249 , 2.5991 , 0.070665 , 10.68 , 50.5221 , 2.6013 , 
12 , 0.416666666666667 , 29 , OFF , 2 , OFF , ZM , DesignWare , NO , 128 , 1 , 1 , 1 , 0 , 1 , 1 , 1 , 1 , 37857 , Multiplier_unq1 , Multiplier , 8385 , 101 , 30 , 37393 , 0 , 37857 , 0 , 37705 , 0 , 0 , 11.68 , 1 , 11.6893807308773 , 0.9 , 8486 , svt , 0.072136 , 11.68 , 40.3908 , 1.8229 , 0.067922114489 , 9.35 , 33.5929 , 2.4092 , 0.072136 , 11.68 , 40.3908 , 1.8229 , 0.071989 , 11.67 , 40.3696 , 1.7873 , 
12 , 0.416666666666667 , 29 , OFF , 2 , OFF , ZM , DesignWare , NO , 128 , 1 , 1 , 1 , 0 , 1 , 1 , 1 , 1 , 31184 , Multiplier_unq1 , Multiplier , 6787 , 97 , 30 , 30578 , 0 , 31184 , 0 , 30652 , 0 , 0 , 12.76 , 0 , 16.6772097435751 , 0.9 , 6884 , svt , 0.069243 , 12.76 , 51.3656 , 2.8593 , 0.065145930586 , 10.18 , 42.0648 , 3.3715 , 0.069243 , 12.76 , 51.3656 , 2.8593 , 0.0689 , 12.76 , 51.6263 , 2.8553 , 
12 , 0.416666666666667 , 29 , OFF , 2 , OFF , ZM , DesignWare , NO , 128 , 1 , 1 , 1 , 0 , 1 , 1 , 1 , 1 , 34799 , Multiplier_unq1 , Multiplier , 7794 , 100 , 30 , 34315 , 0 , 34799 , 0 , 34532 , 0 , 0 , 13.86 , 1 , 13.9623155035741 , 0.9 , 7894 , svt , 0.070812 , 13.86 , 40.8064 , 1.9361 , 0.066661206979 , 11.17 , 33.7245 , 2.4648 , 0.070812 , 13.86 , 40.8064 , 1.9361 , 0.070665 , 13.91 , 40.8783 , 1.9377 , 
12 , 0.416666666666667 , 29 , OFF , 2 , OFF , ZM , DesignWare , NO , 128 , 1 , 1 , 1 , 0 , 1 , 1 , 1 , 1 , 28885 , Multiplier_unq1 , Multiplier , 6909 , 100 , 30 , 27914 , 0 , 28885 , 0 , 27930 , 0 , 0 , 15.26 , 0 , 20 , 0.9 , 7009 , svt , 0.068461 , 15.26 , 52.0286 , 3.0445 , 0.064266047132 , 12.16 , 41.8058 , 3.3130 , 0.068461 , 15.26 , 52.0286 , 3.0445 , 0.067956 , 14.56 , 52.5951 , 3.0358 , 
12 , 0.416666666666667 , 29 , OFF , 2 , OFF , ZM , DesignWare , NO , 128 , 1 , 1 , 1 , 0 , 1 , 1 , 1 , 1 , 31184 , Multiplier_unq1 , Multiplier , 6787 , 97 , 30 , 30578 , 0 , 31184 , 0 , 30652 , 0 , 0 , 16.67 , 1 , 16.6772097435751 , 0.9 , 6884 , svt , 0.069243 , 16.67 , 41.5783 , 2.1289 , 0.065145930586 , 13.34 , 34.1129 , 2.5074 , 0.069243 , 16.67 , 41.5783 , 2.1289 , 0.0689 , 16.67 , 41.7702 , 2.1260 , 
12 , 0.416666666666667 , 29 , OFF , 2 , OFF , ZM , DesignWare , NO , 128 , 1 , 1 , 1 , 0 , 1 , 1 , 1 , 1 , 28885 , Multiplier_unq1 , Multiplier , 6909 , 100 , 30 , 27914 , 0 , 28885 , 0 , 27930 , 0 , 0 , 19.92 , 1 , 20 , 0.9 , 7009 , svt , 0.068461 , 19.92 , 42.1135 , 2.2661 , 0.064266047132 , 16.00 , 33.9103 , 2.4644 , 0.068461 , 19.92 , 42.1135 , 2.2661 , 0.067956 , 18.86 , 42.5594 , 2.2597 , 
13 , 0.45 , 29 , OFF , 2 , OFF , ZM , Sklansky , NO , 128 , 1 , 1 , 1 , 0 , 1 , 1 , 1 , 1 , 39762 , Multiplier_unq1 , Multiplier , 18429 , 101 , 30 , 38236 , 0 , 39762 , 0 , 41546 , 0 , 0 , 2.58 , 0 , 3.2 , 0.9 , 18530 , svt , 0.077996 , 2.58 , 59.0257 , 3.4019 , 0.071056213175 , 1.98 , 46.1861 , 3.7098 , 0.077996 , 2.58 , 59.0257 , 3.4019 , 0.079207 , 2.58 , 58.5215 , 3.4223 , 
14 , 0.483333333333333 , 29 , OFF , 3 , OFF , Array , DesignWare , NO , 128 , 1 , 1 , 1 , 0 , 1 , 1 , 1 , 1 , 50493 , Multiplier_unq1 , Multiplier , 7789 , 77 , 30 , 49545 , 0 , 50493 , 0 , 33701 , 0 , 0 , 15.16 , 0 , 20 , 0.9 , 7866 , svt , 0.071378 , 15.16 , 49.7498 , 2.3992 , 0.067074512358 , 12.17 , 40.5302 , 3.0347 , 0.071378 , 15.16 , 49.7498 , 2.3992 , 0.062183 , 14.27 , 52.0236 , 2.2963 , 
14 , 0.483333333333333 , 29 , OFF , 3 , OFF , Array , DesignWare , NO , 128 , 1 , 1 , 1 , 0 , 1 , 1 , 1 , 1 , 50493 , Multiplier_unq1 , Multiplier , 7789 , 77 , 30 , 49545 , 0 , 50493 , 0 , 33701 , 0 , 0 , 19.78 , 1 , 20 , 0.9 , 7866 , svt , 0.071378 , 19.78 , 40.2505 , 1.7871 , 0.067074512358 , 15.99 , 32.8583 , 2.2570 , 0.071378 , 19.78 , 40.2505 , 1.7871 , 0.062183 , 18.64 , 42.1034 , 1.7099 , 
15 , 0.516666666666667 , 29 , OFF , 3 , OFF , Array , Sklansky , NO , 128 , 1 , 1 , 1 , 0 , 1 , 1 , 1 , 1 , 51952 , Multiplier_unq1 , Multiplier , 7010 , 81 , 30 , 51614 , 0 , 51952 , 0 , 35452 , 0 , 0 , 6.97 , 0 , 20 , 0.9 , 7091 , svt , 0.072648 , 6.97 , 46.8588 , 2.4077 , 0.068740433978 , 5.56 , 42.1471 , 3.1252 , 0.072648 , 6.97 , 46.8588 , 2.4077 , 0.063504 , 7.33 , 48.2574 , 2.2953 , 
15 , 0.516666666666667 , 29 , OFF , 3 , OFF , Array , Sklansky , NO , 128 , 1 , 1 , 1 , 0 , 1 , 1 , 1 , 1 , 51952 , Multiplier_unq1 , Multiplier , 7010 , 81 , 30 , 51614 , 0 , 51952 , 0 , 35452 , 0 , 0 , 9.07 , 1 , 20 , 0.9 , 7091 , svt , 0.072648 , 9.07 , 37.9093 , 1.7938 , 0.068740433978 , 7.27 , 34.1704 , 2.3248 , 0.072648 , 9.07 , 37.9093 , 1.7938 , 0.063504 , 9.54 , 39.0551 , 1.7097 , 
16 , 0.55 , 29 , OFF , 3 , OFF , OS1 , DesignWare , NO , 128 , 1 , 1 , 1 , 0 , 1 , 1 , 1 , 1 , 49976 , Multiplier_unq1 , Multiplier , 7762 , 94 , 30 , 49061 , 0 , 49976 , 0 , 33283 , 0 , 0 , 15.32 , 0 , 20 , 0.9 , 7856 , svt , 0.071327 , 15.32 , 49.1220 , 2.4511 , 0.066892643923 , 12.16 , 36.4333 , 3.0486 , 0.071327 , 15.32 , 49.1220 , 2.4511 , 0.061979 , 14.60 , 50.7504 , 2.3381 , 
16 , 0.55 , 29 , OFF , 3 , OFF , OS1 , DesignWare , NO , 128 , 1 , 1 , 1 , 0 , 1 , 1 , 1 , 1 , 49976 , Multiplier_unq1 , Multiplier , 7762 , 94 , 30 , 49061 , 0 , 49976 , 0 , 33283 , 0 , 0 , 19.99 , 1 , 20 , 0.9 , 7856 , svt , 0.071327 , 19.99 , 39.7193 , 1.8255 , 0.066892643923 , 16.00 , 29.5368 , 2.2674 , 0.071327 , 19.99 , 39.7193 , 1.8255 , 0.061979 , 19.05 , 41.0492 , 1.7408 , 
18 , 0.616666666666667 , 29 , OFF , 3 , OFF , Wallace , DesignWare , NO , 128 , 1 , 1 , 1 , 0 , 1 , 1 , 1 , 1 , 50564 , Multiplier_unq1 , Multiplier , 8129 , 76 , 30 , 49536 , 0 , 50564 , 0 , 34025 , 0 , 0 , 15.32 , 0 , 20 , 0.9 , 8205 , svt , 0.071859 , 15.32 , 52.6307 , 2.4886 , 0.067291660729 , 12.16 , 36.9032 , 3.0589 , 0.071859 , 15.32 , 52.6307 , 2.4886 , 0.062607 , 14.00 , 53.1650 , 2.3685 , 
18 , 0.616666666666667 , 29 , OFF , 3 , OFF , Wallace , DesignWare , NO , 128 , 1 , 1 , 1 , 0 , 1 , 1 , 1 , 1 , 50533 , Multiplier_unq1 , Multiplier , 16036 , 76 , 30 , 49526 , 0 , 50533 , 0 , 33968 , 0 , 0 , 15.37 , 0 , 20.11 , 0.9 , 16112 , svt , 0.071859 , 15.37 , 53.3391 , 2.4908 , 0.067276313927 , 12.22 , 36.9394 , 3.0673 , 0.071859 , 15.37 , 53.3391 , 2.4908 , 0.062554 , 15.02 , 54.1359 , 2.3605 , 
18 , 0.616666666666667 , 29 , OFF , 3 , OFF , Wallace , DesignWare , NO , 128 , 1 , 1 , 1 , 0 , 1 , 1 , 1 , 1 , 50533 , Multiplier_unq1 , Multiplier , 16036 , 76 , 30 , 49526 , 0 , 50533 , 0 , 33968 , 0 , 0 , 20.07 , 1 , 20.11 , 0.9 , 16112 , svt , 0.071859 , 20.07 , 43.1126 , 1.8548 , 0.067276313927 , 16.09 , 29.9469 , 2.2813 , 0.071859 , 20.07 , 43.1126 , 1.8548 , 0.062554 , 19.46 , 43.7732 , 1.7575 , 
20 , 0.683333333333333 , 29 , OFF , 3 , OFF , ZM , DesignWare , NO , 128 , 1 , 1 , 1 , 0 , 1 , 1 , 1 , 1 , 60983 , Multiplier_unq1 , Multiplier , 10402 , 90 , 30 , 59955 , 0 , 60983 , 0 , 45745 , 0 , 0 , 3.77 , 0 , 4.72540604441185 , 0.9 , 10492 , svt , 0.076814 , 3.77 , 48.6146 , 2.1806 , 0.071370029795 , 2.91 , 36.4518 , 2.8538 , 0.076814 , 3.77 , 48.6146 , 2.1806 , 0.06833 , 3.86 , 50.4944 , 2.0632 , 
20 , 0.683333333333333 , 29 , OFF , 3 , OFF , ZM , DesignWare , NO , 128 , 1 , 1 , 1 , 0 , 1 , 1 , 1 , 1 , 60519 , Multiplier_unq1 , Multiplier , 10226 , 91 , 30 , 59569 , 0 , 60519 , 0 , 45443 , 0 , 0 , 4.45 , 0 , 5.66318500953863 , 0.9 , 10317 , svt , 0.076458 , 4.45 , 47.5644 , 2.0970 , 0.071079498965 , 3.48 , 36.0590 , 2.8125 , 0.076458 , 4.45 , 47.5644 , 2.0970 , 0.068025 , 4.58 , 49.6350 , 2.0055 , 
20 , 0.683333333333333 , 29 , OFF , 3 , OFF , ZM , DesignWare , NO , 128 , 1 , 1 , 1 , 0 , 1 , 1 , 1 , 1 , 60001 , Multiplier_unq1 , Multiplier , 9999 , 91 , 30 , 59104 , 0 , 60001 , 0 , 44697 , 0 , 0 , 5.25 , 0 , 6.78707060321095 , 0.9 , 10090 , svt , 0.075696 , 5.25 , 46.4513 , 1.9716 , 0.070853001323 , 4.17 , 35.9136 , 2.7840 , 0.075696 , 5.25 , 46.4513 , 1.9716 , 0.067466 , 5.40 , 49.6620 , 1.9666 , 
20 , 0.683333333333333 , 29 , OFF , 3 , OFF , ZM , DesignWare , NO , 128 , 1 , 1 , 1 , 0 , 1 , 1 , 1 , 1 , 59302 , Multiplier_unq1 , Multiplier , 9835 , 91 , 30 , 58410 , 0 , 59302 , 0 , 43983 , 0 , 0 , 6.27 , 0 , 8.13399655765848 , 0.9 , 9926 , svt , 0.075239 , 6.27 , 46.5138 , 1.9903 , 0.070575876855 , 4.99 , 35.8569 , 2.7834 , 0.075239 , 6.27 , 46.5138 , 1.9903 , 0.066907 , 6.49 , 49.4548 , 1.9635 , 
20 , 0.683333333333333 , 29 , OFF , 3 , OFF , ZM , DesignWare , NO , 128 , 1 , 1 , 1 , 0 , 1 , 1 , 1 , 1 , 58233 , Multiplier_unq1 , Multiplier , 9580 , 90 , 30 , 57407 , 0 , 58233 , 0 , 42754 , 0 , 0 , 7.52 , 0 , 9.74822627728359 , 0.9 , 9670 , svt , 0.074782 , 7.52 , 45.5401 , 1.9147 , 0.07015480996 , 5.98 , 35.9233 , 2.8013 , 0.074782 , 7.52 , 45.5401 , 1.9147 , 0.066145 , 7.58 , 49.2355 , 1.9428 , 
20 , 0.683333333333333 , 29 , OFF , 3 , OFF , ZM , DesignWare , NO , 128 , 1 , 1 , 1 , 0 , 1 , 1 , 1 , 1 , 56474 , Multiplier_unq1 , Multiplier , 8991 , 90 , 30 , 55610 , 0 , 56474 , 0 , 40599 , 0 , 0 , 9.02 , 0 , 11.6828074464391 , 0.9 , 9081 , svt , 0.074172 , 9.02 , 46.3189 , 2.0618 , 0.069417634178 , 7.15 , 36.0024 , 2.8625 , 0.074172 , 9.02 , 46.3189 , 2.0618 , 0.065282 , 8.99 , 48.6443 , 1.9867 , 
20 , 0.683333333333333 , 29 , OFF , 3 , OFF , ZM , DesignWare , NO , 128 , 1 , 1 , 1 , 0 , 1 , 1 , 1 , 1 , 54266 , Multiplier_unq1 , Multiplier , 8465 , 91 , 30 , 53412 , 0 , 54266 , 0 , 38008 , 0 , 0 , 10.74 , 0 , 14.0013153109332 , 0.9 , 8556 , svt , 0.073105 , 10.74 , 46.2595 , 2.1536 , 0.068548687551 , 8.57 , 36.2042 , 2.9237 , 0.073105 , 10.74 , 46.2595 , 2.1536 , 0.063961 , 10.77 , 48.1987 , 2.0675 , 
20 , 0.683333333333333 , 29 , OFF , 3 , OFF , ZM , DesignWare , NO , 128 , 1 , 1 , 1 , 0 , 1 , 1 , 1 , 1 , 51840 , Multiplier_unq1 , Multiplier , 7743 , 89 , 30 , 50963 , 0 , 51840 , 0 , 35417 , 0 , 0 , 12.86 , 0 , 16.7799419219158 , 0.9 , 7832 , svt , 0.071988 , 12.86 , 47.2423 , 2.3326 , 0.067487994095 , 10.25 , 36.2362 , 2.9820 , 0.071988 , 12.86 , 47.2423 , 2.3326 , 0.062741 , 12.78 , 49.0167 , 2.2307 , 
20 , 0.683333333333333 , 29 , OFF , 3 , OFF , ZM , DesignWare , NO , 128 , 1 , 1 , 1 , 0 , 1 , 1 , 1 , 1 , 49992 , Multiplier_unq1 , Multiplier , 7665 , 91 , 30 , 49069 , 0 , 49992 , 0 , 33286 , 0 , 0 , 15.32 , 0 , 20 , 0.9 , 7756 , svt , 0.071327 , 15.32 , 48.0852 , 2.4517 , 0.066892114723 , 12.16 , 36.4806 , 3.0351 , 0.071327 , 15.32 , 48.0852 , 2.4517 , 0.062081 , 14.55 , 49.8636 , 2.3419 , 
20 , 0.683333333333333 , 29 , OFF , 3 , OFF , ZM , DesignWare , NO , 128 , 1 , 1 , 1 , 0 , 1 , 1 , 1 , 1 , 49907 , Multiplier_unq1 , Multiplier , 15076 , 91 , 30 , 49045 , 0 , 49907 , 0 , 33322 , 0 , 0 , 15.40 , 0 , 20.11 , 0.9 , 15167 , svt , 0.071226 , 15.40 , 47.7873 , 2.4488 , 0.066883118319 , 12.22 , 36.4513 , 3.0212 , 0.071226 , 15.40 , 47.7873 , 2.4488 , 0.062081 , 14.22 , 49.8967 , 2.3401 , 
20 , 0.683333333333333 , 29 , OFF , 3 , OFF , ZM , DesignWare , NO , 128 , 1 , 1 , 1 , 0 , 1 , 1 , 1 , 1 , 49992 , Multiplier_unq1 , Multiplier , 7665 , 91 , 30 , 49069 , 0 , 49992 , 0 , 33286 , 0 , 0 , 20.00 , 1 , 20 , 0.9 , 7756 , svt , 0.071327 , 20.00 , 38.8883 , 1.8259 , 0.066892114723 , 16.00 , 29.5776 , 2.2574 , 0.071327 , 20.00 , 38.8883 , 1.8259 , 0.062081 , 19.00 , 40.3418 , 1.7436 , 
20 , 0.683333333333333 , 29 , OFF , 3 , OFF , ZM , DesignWare , NO , 128 , 1 , 1 , 1 , 0 , 1 , 1 , 1 , 1 , 49907 , Multiplier_unq1 , Multiplier , 15076 , 91 , 30 , 49045 , 0 , 49907 , 0 , 33322 , 0 , 0 , 20.11 , 1 , 20.11 , 0.9 , 15167 , svt , 0.071226 , 20.11 , 38.6480 , 1.8237 , 0.066883118319 , 16.08 , 29.5552 , 2.2470 , 0.071226 , 20.11 , 38.6480 , 1.8237 , 0.062081 , 18.58 , 40.3662 , 1.7423 , 
22 , 0.75 , 29 , OFF , 4 , OFF , Array , DesignWare , NO , 128 , 1 , 1 , 1 , 0 , 1 , 1 , 1 , 1 , 69801 , Multiplier_unq1 , Multiplier , 9713 , 74 , 30 , 69155 , 0 , 69801 , 0 , 37219 , 0 , 0 , 19.06 , 0 , 40 , 0.9 , 9787 , svt , 0.081163 , 19.06 , 50.7731 , 2.2920 , 0.076108661934 , 16.38 , 38.2320 , 2.9636 , 0.081163 , 19.06 , 50.7731 , 2.2920 , 0.062922 , 20.69 , 51.4377 , 2.0762 , 
22 , 0.75 , 29 , OFF , 4 , OFF , Array , DesignWare , NO , 128 , 1 , 1 , 1 , 0 , 1 , 1 , 1 , 1 , 69801 , Multiplier_unq1 , Multiplier , 9713 , 74 , 30 , 69155 , 0 , 69801 , 0 , 37219 , 0 , 0 , 24.83 , 1 , 40 , 0.9 , 9787 , svt , 0.081163 , 24.83 , 41.0207 , 1.7056 , 0.076108661934 , 21.40 , 30.8685 , 2.1988 , 0.081163 , 24.83 , 41.0207 , 1.7056 , 0.062922 , 26.96 , 41.6193 , 1.5436 , 
22 , 0.75 , 29 , OFF , 4 , OFF , Array , DesignWare , NO , 128 , 1 , 1 , 1 , 0 , 1 , 1 , 1 , 1 , 69801 , Multiplier_unq1 , Multiplier , 9713 , 74 , 30 , 69155 , 0 , 69801 , 0 , 37219 , 0 , 0 , 35.35 , 0 , 40 , 0.9 , 9787 , svt , 0.081163 , 35.35 , 32.5093 , 1.2507 , 0.076108661934 , 30.60 , 24.4982 , 1.6071 , 0.081163 , 35.35 , 32.5093 , 1.2507 , 0.062922 , 38.38 , 33.0049 , 1.1309 , 
23 , 0.783333333333333 , 29 , OFF , 4 , OFF , Array , Sklansky , NO , 128 , 1 , 1 , 1 , 0 , 1 , 1 , 1 , 1 , 72305 , Multiplier_unq1 , Multiplier , 8869 , 75 , 30 , 71711 , 0 , 72305 , 0 , 39611 , 0 , 0 , 13.96 , 0 , 20 , 0.9 , 8944 , svt , 0.083108 , 13.96 , 51.2185 , 2.2780 , 0.078066702011 , 10.73 , 39.9001 , 3.0943 , 0.083108 , 13.96 , 51.2185 , 2.2780 , 0.064762 , 14.46 , 50.6700 , 2.0447 , 
23 , 0.783333333333333 , 29 , OFF , 4 , OFF , Array , Sklansky , NO , 128 , 1 , 1 , 1 , 0 , 1 , 1 , 1 , 1 , 72305 , Multiplier_unq1 , Multiplier , 8869 , 75 , 30 , 71711 , 0 , 72305 , 0 , 39611 , 0 , 0 , 18.14 , 1 , 20 , 0.9 , 8944 , svt , 0.083108 , 18.14 , 41.3806 , 1.6958 , 0.078066702011 , 13.99 , 32.2080 , 2.2953 , 0.083108 , 18.14 , 41.3806 , 1.6958 , 0.064762 , 18.79 , 40.9997 , 1.5210 , 
24 , 0.816666666666667 , 29 , OFF , 4 , OFF , Wallace , DesignWare , NO , 128 , 1 , 1 , 1 , 0 , 1 , 1 , 1 , 1 , 70253 , Multiplier_unq1 , Multiplier , 10929 , 74 , 30 , 69444 , 0 , 70253 , 0 , 37432 , 0 , 0 , 17.28 , 0 , 160 , 0.9 , 11003 , svt , 0.081952 , 17.28 , 55.5275 , 2.3600 , 0.076367440741 , 13.83 , 38.0565 , 3.4617 , 0.081952 , 17.28 , 55.5275 , 2.3600 , 0.063343 , 17.75 , 51.3367 , 2.0824 , 
24 , 0.816666666666667 , 29 , OFF , 4 , OFF , Wallace , DesignWare , NO , 128 , 1 , 1 , 1 , 0 , 1 , 1 , 1 , 1 , 70253 , Multiplier_unq1 , Multiplier , 10929 , 74 , 30 , 69444 , 0 , 70253 , 0 , 37432 , 0 , 0 , 22.49 , 1 , 160 , 0.9 , 11003 , svt , 0.081952 , 22.49 , 44.8137 , 1.7558 , 0.076367440741 , 18.14 , 30.6749 , 2.5665 , 0.081952 , 22.49 , 44.8137 , 1.7558 , 0.063343 , 23.00 , 41.5257 , 1.5483 , 
24 , 0.816666666666667 , 29 , OFF , 4 , OFF , Wallace , DesignWare , NO , 128 , 1 , 1 , 1 , 0 , 1 , 1 , 1 , 1 , 70253 , Multiplier_unq1 , Multiplier , 10929 , 74 , 30 , 69444 , 0 , 70253 , 0 , 37432 , 0 , 0 , 31.99 , 0 , 160 , 0.9 , 11003 , svt , 0.081952 , 31.99 , 35.4713 , 1.2872 , 0.076367440741 , 25.97 , 24.3181 , 1.8743 , 0.081952 , 31.99 , 35.4713 , 1.2872 , 0.063343 , 32.54 , 32.9145 , 1.1344 , 
25 , 0.85 , 29 , OFF , 4 , OFF , Wallace , Sklansky , NO , 128 , 1 , 1 , 1 , 0 , 1 , 1 , 1 , 1 , 72840 , Multiplier_unq1 , Multiplier , 11659 , 78 , 30 , 72049 , 0 , 72840 , 0 , 39909 , 0 , 0 , 12.23 , 0 , 320 , 0.9 , 11737 , svt , 0.083949 , 12.23 , 56.4697 , 2.3433 , 0.078420560415 , 8.36 , 40.1217 , 3.5462 , 0.083949 , 12.23 , 56.4697 , 2.3433 , 0.065235 , 12.13 , 52.1453 , 2.0721 , 
25 , 0.85 , 29 , OFF , 4 , OFF , Wallace , Sklansky , NO , 128 , 1 , 1 , 1 , 0 , 1 , 1 , 1 , 1 , 72840 , Multiplier_unq1 , Multiplier , 11659 , 78 , 30 , 72049 , 0 , 72840 , 0 , 39909 , 0 , 0 , 15.87 , 1 , 320 , 0.9 , 11737 , svt , 0.083949 , 15.87 , 45.5734 , 1.7441 , 0.078420560415 , 10.89 , 32.3113 , 2.6292 , 0.083949 , 15.87 , 45.5734 , 1.7441 , 0.065235 , 15.73 , 42.1811 , 1.5413 , 
25 , 0.85 , 29 , OFF , 4 , OFF , Wallace , Sklansky , NO , 128 , 1 , 1 , 1 , 0 , 1 , 1 , 1 , 1 , 72840 , Multiplier_unq1 , Multiplier , 11659 , 78 , 30 , 72049 , 0 , 72840 , 0 , 39909 , 0 , 0 , 22.50 , 0 , 320 , 0.9 , 11737 , svt , 0.083949 , 22.50 , 36.0668 , 1.2792 , 0.078420560415 , 15.56 , 25.5953 , 1.9202 , 0.083949 , 22.50 , 36.0668 , 1.2792 , 0.065235 , 22.28 , 33.4300 , 1.1298 , 
26 , 0.883333333333333 , 29 , OFF , NA , ON , NA , DesignWare , NO , 128 , 1 , 1 , 1 , 0 , 1 , 1 , 1 , 1 , 26431 , Multiplier_unq1 , Multiplier , 2590 , 34 , 30 , 25658 , 0 , 26431 , 0 , 26425 , 0 , 0 , 15.30 , 0 , 20 , 0.9 , 2624 , svt , 0.066682 , 15.30 , 56.7563 , 3.0826 , 0.062451949488 , 12.15 , 43.7175 , 3.5521 , 0.066682 , 15.30 , 56.7563 , 3.0826 , 0.066682 , 15.30 , 56.7527 , 3.0821 , 
26 , 0.883333333333333 , 29 , OFF , NA , ON , NA , DesignWare , NO , 128 , 1 , 1 , 1 , 0 , 1 , 1 , 1 , 1 , 26431 , Multiplier_unq1 , Multiplier , 2590 , 34 , 30 , 25658 , 0 , 26431 , 0 , 26425 , 0 , 0 , 19.87 , 1 , 20 , 0.9 , 2624 , svt , 0.066682 , 19.87 , 45.8943 , 2.2940 , 0.062451949488 , 16.00 , 35.4171 , 2.6411 , 0.066682 , 19.87 , 45.8943 , 2.2940 , 0.066682 , 19.87 , 45.8913 , 2.2936 , 
