TOP.DesignIndex,TOP.Color,TOP.DesignCount,TOP.top_MultiplierP.MultiplierP.BoothType,TOP.top_MultiplierP.MultiplierP.Designware_MODE,TOP.top_MultiplierP.MultiplierP.TreeType,TOP.top_MultiplierP.MultiplierP.Width,STAT_Comp_Good,STAT_Mapped_Timing_Good,STAT_Optimized_Timing_Good,STAT_Pareto,STAT_Routed_Timing_Good,STAT_Run_Good,STAT_Synthesis_Good,STAT_Timing_Good,INFO_Comb_Cell_Count,INFO_DESIGN,INFO_DESIGN_NAME,INFO_EvalTime,INFO_GenTime,INFO_IO2CORE,INFO_Mapped_Comb_Cell_Count,INFO_Mapped_Seq_Cell_Count,INFO_Optimized_Comb_Cell_Count,INFO_Optimized_Seq_Cell_Count,INFO_Routed_Comb_Cell_Count,INFO_Routed_Seq_Cell_Count,INFO_Seq_Cell_Count,INFO_Suggest_Delay,INFO_TARGET,INFO_TARGET_DELAY,INFO_TARGET_VOLTAGE,INFO_TotalRunTime,INFO_VT,COST_Area,COST_Delay,COST_Dyn_Energy,COST_Leak_Power,COST_Mapped_Area,COST_Mapped_Delay,COST_Mapped_Dyn_Energy,COST_Mapped_Leak_Power,COST_Optimized_Area,COST_Optimized_Delay,COST_Optimized_Dyn_Energy,COST_Optimized_Leak_Power,COST_Routed_Area,COST_Routed_Delay,COST_Routed_Dyn_Energy,COST_Routed_Leak_Power,
1 , 0.09375 , 15 , 1 , OFF , OS1 , 11 , 1 , 1 , 1 , 1 , 1 , 1 , 1 , 1 , 299 , MultiplierP_unq1 , MultiplierP , 332 , 32 , 30 , 299 , 0 , 299 , 0 , 299 , 0 , 0 , 1.14 , 1 , 1.23587222305143 , 0.9 , 364 , svt , 0.000535 , 1.14 , 0.1638832 , 0.0152403 , 0.000505209595 , 0.95 , 0.1338231 , 0.0168688 , 0.000535 , 1.14 , 0.1638832 , 0.0152403 , 0.000535 , 1.21 , 0.1673708 , 0.0152526 , 
1 , 0.09375 , 15 , 1 , OFF , OS1 , 11 , 1 , 1 , 1 , 1 , 1 , 1 , 1 , 1 , 299 , MultiplierP_unq1 , MultiplierP , 402 , 31 , 30 , 299 , 0 , 299 , 0 , 299 , 0 , 0 , 1.14 , 1 , 1.25365763799235 , 0.9 , 433 , svt , 0.000535 , 1.14 , 0.164126 , 0.015242 , 0.000505209595 , 0.95 , 0.1338231 , 0.0168688 , 0.000535 , 1.14 , 0.164126 , 0.015242 , 0.000535 , 1.24 , 0.1675085 , 0.0152398 , 
1 , 0.09375 , 15 , 1 , OFF , OS1 , 11 , 1 , 1 , 1 , 1 , 1 , 1 , 1 , 1 , 299 , MultiplierP_unq1 , MultiplierP , 274 , 33 , 30 , 299 , 0 , 299 , 0 , 299 , 0 , 0 , 1.15 , 1 , 1.24770090788457 , 0.9 , 307 , svt , 0.000535 , 1.15 , 0.1641897 , 0.0152403 , 0.000505209595 , 0.95 , 0.1338231 , 0.0168688 , 0.000535 , 1.15 , 0.1641897 , 0.0152403 , 0.000535 , 1.24 , 0.1676569 , 0.0152421 , 
1 , 0.09375 , 15 , 1 , OFF , OS1 , 11 , 1 , 1 , 1 , 1 , 1 , 1 , 1 , 1 , 299 , MultiplierP_unq1 , MultiplierP , 278 , 33 , 30 , 299 , 0 , 299 , 0 , 299 , 0 , 0 , 1.16 , 1 , 1.24177248106511 , 0.9 , 311 , svt , 0.000535 , 1.16 , 0.1641289 , 0.0152461 , 0.000505209595 , 0.95 , 0.1338231 , 0.0168688 , 0.000535 , 1.16 , 0.1641289 , 0.0152461 , 0.000535 , 1.20 , 0.168851 , 0.015255 , 
1 , 0.09375 , 15 , 1 , OFF , OS1 , 11 , 1 , 1 , 1 , 1 , 1 , 1 , 1 , 1 , 299 , MultiplierP_unq1 , MultiplierP , 283 , 32 , 30 , 299 , 0 , 299 , 0 , 299 , 0 , 0 , 1.17 , 1 , 1.27777030349315 , 0.9 , 315 , svt , 0.000535 , 1.17 , 0.1636429 , 0.0152245 , 0.000505209595 , 0.95 , 0.1338231 , 0.0168688 , 0.000535 , 1.17 , 0.1636429 , 0.0152245 , 0.000535 , 1.22 , 0.1676521 , 0.0152398 , 
1 , 0.09375 , 15 , 1 , OFF , OS1 , 11 , 1 , 1 , 1 , 1 , 1 , 1 , 1 , 1 , 299 , MultiplierP_unq1 , MultiplierP , 281 , 32 , 30 , 299 , 0 , 299 , 0 , 299 , 0 , 0 , 1.17 , 1 , 1.26565654921625 , 0.9 , 313 , svt , 0.000535 , 1.17 , 0.1637542 , 0.0152245 , 0.000505209595 , 0.95 , 0.1338231 , 0.0168688 , 0.000535 , 1.17 , 0.1637542 , 0.0152245 , 0.000535 , 1.23 , 0.1678995 , 0.0152398 , 
1 , 0.09375 , 15 , 1 , OFF , OS1 , 11 , 1 , 1 , 1 , 1 , 1 , 1 , 1 , 1 , 299 , MultiplierP_unq1 , MultiplierP , 294 , 32 , 30 , 299 , 0 , 299 , 0 , 299 , 0 , 0 , 1.17 , 1 , 1.25964280651302 , 0.9 , 326 , svt , 0.000535 , 1.17 , 0.1638615 , 0.0152339 , 0.000505209595 , 0.95 , 0.1338231 , 0.0168688 , 0.000535 , 1.17 , 0.1638615 , 0.0152339 , 0.000535 , 1.23 , 0.1679579 , 0.0152398 , 
1 , 0.09375 , 15 , 1 , OFF , OS1 , 11 , 1 , 1 , 1 , 1 , 1 , 1 , 1 , 1 , 299 , MultiplierP_unq1 , MultiplierP , 341 , 33 , 30 , 299 , 0 , 299 , 0 , 299 , 0 , 0 , 1.18 , 1 , 1.27169900251991 , 0.9 , 374 , svt , 0.000535 , 1.18 , 0.1636175 , 0.0152245 , 0.000505209595 , 0.95 , 0.1338231 , 0.0168688 , 0.000535 , 1.18 , 0.1636175 , 0.0152245 , 0.000535 , 1.23 , 0.1675359 , 0.0152421 , 
1 , 0.09375 , 15 , 1 , OFF , OS1 , 11 , 1 , 1 , 1 , 1 , 1 , 1 , 1 , 1 , 299 , MultiplierP_unq1 , MultiplierP , 344 , 32 , 30 , 299 , 0 , 299 , 0 , 299 , 0 , 0 , 1.18 , 1 , 1.28387058985949 , 0.9 , 376 , svt , 0.000535 , 1.18 , 0.163956 , 0.0152236 , 0.000505209595 , 0.95 , 0.1338231 , 0.0168688 , 0.000535 , 1.18 , 0.163956 , 0.0152236 , 0.000535 , 1.20 , 0.1678015 , 0.0152422 , 
1 , 0.09375 , 15 , 1 , OFF , OS1 , 11 , 1 , 1 , 1 , 1 , 1 , 1 , 1 , 1 , 297 , MultiplierP_unq1 , MultiplierP , 296 , 33 , 30 , 297 , 0 , 297 , 0 , 297 , 0 , 0 , 1.29 , 1 , 20 , 0.9 , 329 , svt , 0.000531 , 1.29 , 0.1651031 , 0.0152776 , 0.000504503995 , 0.93 , 0.1341343 , 0.017012 , 0.000531 , 1.29 , 0.1651031 , 0.0152776 , 0.000531 , 1.34 , 0.168186 , 0.0152776 , 
1 , 0.09375 , 15 , 1 , OFF , OS1 , 11 , 1 , 1 , 1 , 1 , 1 , 1 , 1 , 1 , 297 , MultiplierP_unq1 , MultiplierP , 296 , 33 , 30 , 297 , 0 , 297 , 0 , 297 , 0 , 0 , 1.82 , 0 , 20 , 0.9 , 329 , svt , 0.000531 , 1.82 , 0.1311923 , 0.0111996 , 0.000504503995 , 1.32 , 0.1068037 , 0.012455 , 0.000531 , 1.82 , 0.1311923 , 0.0111996 , 0.000531 , 1.89 , 0.1335959 , 0.0111996 , 
2 , 0.15625 , 15 , 1 , OFF , Wallace , 11 , 1 , 1 , 1 , 1 , 1 , 1 , 1 , 1 , 298 , MultiplierP_unq1 , MultiplierP , 328 , 32 , 30 , 298 , 0 , 298 , 0 , 313 , 0 , 0 , 0.62 , 0 , 0.810697166760771 , 0.9 , 360 , svt , 0.000555 , 0.62 , 0.2117574 , 0.0245801 , 0.000525319195 , 0.50 , 0.1862297 , 0.0283737 , 0.000555 , 0.62 , 0.2117574 , 0.0245801 , 0.000555 , 0.64 , 0.2247866 , 0.0246248 , 
2 , 0.15625 , 15 , 1 , OFF , Wallace , 11 , 1 , 1 , 1 , 1 , 1 , 1 , 1 , 1 , 280 , MultiplierP_unq1 , MultiplierP , 305 , 32 , 30 , 280 , 0 , 280 , 0 , 287 , 0 , 0 , 0.63 , 0 , 0.864851048358072 , 0.9 , 337 , svt , 0.000539 , 0.63 , 0.2086865 , 0.0248403 , 0.000511030792 , 0.53 , 0.1782048 , 0.0275723 , 0.000539 , 0.63 , 0.2086865 , 0.0248403 , 0.000539 , 0.66 , 0.2163041 , 0.0246819 , 
2 , 0.15625 , 15 , 1 , OFF , Wallace , 11 , 1 , 1 , 1 , 1 , 1 , 1 , 1 , 1 , 312 , MultiplierP_unq1 , MultiplierP , 295 , 31 , 30 , 312 , 0 , 312 , 0 , 316 , 0 , 0 , 0.70 , 0 , 0.922622363211953 , 0.9 , 326 , svt , 0.000543 , 0.70 , 0.2038032 , 0.0213587 , 0.000514735195 , 0.56 , 0.1699275 , 0.0235219 , 0.000543 , 0.70 , 0.2038032 , 0.0213587 , 0.000547 , 0.70 , 0.2122087 , 0.0215744 , 
2 , 0.15625 , 15 , 1 , OFF , Wallace , 11 , 1 , 1 , 1 , 1 , 1 , 1 , 1 , 1 , 318 , MultiplierP_unq1 , MultiplierP , 305 , 32 , 30 , 318 , 0 , 318 , 0 , 317 , 0 , 0 , 0.71 , 0 , 0.984252752788912 , 0.9 , 337 , svt , 0.000543 , 0.71 , 0.2022954 , 0.0206825 , 0.000515087996 , 0.55 , 0.1678996 , 0.0227453 , 0.000543 , 0.71 , 0.2022954 , 0.0206825 , 0.000543 , 0.73 , 0.2084569 , 0.020725 , 
2 , 0.15625 , 15 , 1 , OFF , Wallace , 11 , 1 , 1 , 1 , 1 , 1 , 1 , 1 , 1 , 330 , MultiplierP_unq1 , MultiplierP , 296 , 33 , 30 , 329 , 0 , 330 , 0 , 336 , 0 , 0 , 0.75 , 1 , 0.759934207678533 , 0.9 , 329 , svt , 0.000584 , 0.75 , 0.1733881 , 0.0185998 , 0.000537667199 , 0.61 , 0.1486407 , 0.0201016 , 0.000584 , 0.75 , 0.1733881 , 0.0185998 , 0.000572 , 0.76 , 0.1854883 , 0.0178318 , 
2 , 0.15625 , 15 , 1 , OFF , Wallace , 11 , 1 , 1 , 1 , 1 , 1 , 1 , 1 , 1 , 312 , MultiplierP_unq1 , MultiplierP , 295 , 31 , 30 , 312 , 0 , 312 , 0 , 316 , 0 , 0 , 0.91 , 1 , 0.922622363211953 , 0.9 , 326 , svt , 0.000543 , 0.91 , 0.165348 , 0.0158896 , 0.000514735195 , 0.74 , 0.1379488 , 0.0174821 , 0.000543 , 0.91 , 0.165348 , 0.0158896 , 0.000547 , 0.91 , 0.1721348 , 0.0160488 , 
2 , 0.15625 , 15 , 1 , OFF , Wallace , 11 , 1 , 1 , 1 , 1 , 1 , 1 , 1 , 1 , 318 , MultiplierP_unq1 , MultiplierP , 305 , 32 , 30 , 318 , 0 , 318 , 0 , 317 , 0 , 0 , 0.93 , 1 , 0.984252752788912 , 0.9 , 337 , svt , 0.000543 , 0.93 , 0.1641127 , 0.0153892 , 0.000515087996 , 0.72 , 0.1363008 , 0.0169081 , 0.000543 , 0.93 , 0.1641127 , 0.0153892 , 0.000543 , 0.95 , 0.1690915 , 0.01542 , 
2 , 0.15625 , 15 , 1 , OFF , Wallace , 11 , 1 , 1 , 1 , 1 , 1 , 1 , 1 , 1 , 318 , MultiplierP_unq1 , MultiplierP , 294 , 34 , 30 , 318 , 0 , 318 , 0 , 316 , 0 , 0 , 1.05 , 1 , 20 , 0.9 , 328 , svt , 0.000543 , 1.05 , 0.1655726 , 0.0151192 , 0.000515087996 , 0.76 , 0.1359959 , 0.0168854 , 0.000543 , 1.05 , 0.1655726 , 0.0151192 , 0.000543 , 1.10 , 0.1688807 , 0.015144 , 
2 , 0.15625 , 15 , 1 , OFF , Wallace , 11 , 1 , 1 , 1 , 1 , 1 , 1 , 1 , 1 , 318 , MultiplierP_unq1 , MultiplierP , 294 , 34 , 30 , 318 , 0 , 318 , 0 , 316 , 0 , 0 , 1.52 , 0 , 20 , 0.9 , 328 , svt , 0.000543 , 1.52 , 0.1315701 , 0.0110862 , 0.000515087996 , 1.10 , 0.1083096 , 0.0123668 , 0.000543 , 1.52 , 0.1315701 , 0.0110862 , 0.000543 , 1.58 , 0.1341665 , 0.0111041 , 
3 , 0.21875 , 15 , 1 , OFF , ZM , 11 , 1 , 1 , 1 , 1 , 1 , 1 , 1 , 1 , 309 , MultiplierP_unq1 , MultiplierP , 314 , 30 , 30 , 309 , 0 , 309 , 0 , 309 , 0 , 0 , 1.03 , 1 , 1.07891305940595 , 0.9 , 344 , svt , 0.000535 , 1.03 , 0.1592423 , 0.0146354 , 0.000508737596 , 0.84 , 0.1306842 , 0.0163241 , 0.000535 , 1.03 , 0.1592423 , 0.0146354 , 0.000535 , 1.07 , 0.1642537 , 0.0147318 , 
3 , 0.21875 , 15 , 1 , OFF , ZM , 11 , 1 , 1 , 1 , 1 , 1 , 1 , 1 , 1 , 309 , MultiplierP_unq1 , MultiplierP , 315 , 35 , 30 , 309 , 0 , 309 , 0 , 309 , 0 , 0 , 1.03 , 1 , 1.08489630840924 , 0.9 , 350 , svt , 0.000535 , 1.03 , 0.1596587 , 0.0146681 , 0.000508737596 , 0.84 , 0.1306842 , 0.0163241 , 0.000535 , 1.03 , 0.1596587 , 0.0146681 , 0.000535 , 1.05 , 0.1643213 , 0.0147312 , 
3 , 0.21875 , 15 , 1 , OFF , ZM , 11 , 1 , 1 , 1 , 1 , 1 , 1 , 1 , 1 , 309 , MultiplierP_unq1 , MultiplierP , 306 , 34 , 30 , 309 , 0 , 309 , 0 , 309 , 0 , 0 , 1.04 , 1 , 1.07296280827383 , 0.9 , 340 , svt , 0.000535 , 1.04 , 0.1598731 , 0.0146604 , 0.000508737596 , 0.84 , 0.1306842 , 0.0163241 , 0.000535 , 1.04 , 0.1598731 , 0.0146604 , 0.000535 , 1.05 , 0.1638389 , 0.014744 , 
3 , 0.21875 , 15 , 1 , OFF , ZM , 11 , 1 , 1 , 1 , 1 , 1 , 1 , 1 , 1 , 309 , MultiplierP_unq1 , MultiplierP , 316 , 30 , 30 , 309 , 0 , 309 , 0 , 309 , 0 , 0 , 1.05 , 1 , 1.0969625330197 , 0.9 , 346 , svt , 0.000535 , 1.05 , 0.1597056 , 0.0146686 , 0.000508737596 , 0.84 , 0.1306842 , 0.0163241 , 0.000535 , 1.05 , 0.1597056 , 0.0146686 , 0.000535 , 1.08 , 0.1641555 , 0.0147318 , 
3 , 0.21875 , 15 , 1 , OFF , ZM , 11 , 1 , 1 , 1 , 1 , 1 , 1 , 1 , 1 , 309 , MultiplierP_unq1 , MultiplierP , 315 , 34 , 30 , 309 , 0 , 309 , 0 , 309 , 0 , 0 , 1.05 , 1 , 1.08790036425859 , 0.9 , 349 , svt , 0.000535 , 1.05 , 0.1597101 , 0.0146472 , 0.000508737596 , 0.84 , 0.1306842 , 0.0163241 , 0.000535 , 1.05 , 0.1597101 , 0.0146472 , 0.000535 , 1.03 , 0.1642943 , 0.0147491 , 
3 , 0.21875 , 15 , 1 , OFF , ZM , 11 , 1 , 1 , 1 , 1 , 1 , 1 , 1 , 1 , 309 , MultiplierP_unq1 , MultiplierP , 314 , 32 , 30 , 309 , 0 , 309 , 0 , 309 , 0 , 0 , 1.05 , 1 , 1.07593382050362 , 0.9 , 346 , svt , 0.000535 , 1.05 , 0.1599873 , 0.0146476 , 0.000508737596 , 0.84 , 0.1306842 , 0.0163241 , 0.000535 , 1.05 , 0.1599873 , 0.0146476 , 0.000535 , 1.06 , 0.165494 , 0.0147495 , 
3 , 0.21875 , 15 , 1 , OFF , ZM , 11 , 1 , 1 , 1 , 1 , 1 , 1 , 1 , 1 , 309 , MultiplierP_unq1 , MultiplierP , 311 , 33 , 30 , 309 , 0 , 309 , 0 , 309 , 0 , 0 , 1.06 , 1 , 1.0909127382776 , 0.9 , 344 , svt , 0.000535 , 1.06 , 0.1593308 , 0.0146132 , 0.000508737596 , 0.84 , 0.1306842 , 0.0163241 , 0.000535 , 1.06 , 0.1593308 , 0.0146132 , 0.000535 , 1.07 , 0.1642609 , 0.014726 , 
3 , 0.21875 , 15 , 1 , OFF , ZM , 11 , 1 , 1 , 1 , 1 , 1 , 1 , 1 , 1 , 309 , MultiplierP_unq1 , MultiplierP , 309 , 34 , 30 , 309 , 0 , 309 , 0 , 309 , 0 , 0 , 1.06 , 1 , 1.0819005477603 , 0.9 , 343 , svt , 0.000535 , 1.06 , 0.1599393 , 0.0146459 , 0.000508737596 , 0.84 , 0.1306842 , 0.0163241 , 0.000535 , 1.06 , 0.1599393 , 0.0146459 , 0.000535 , 1.07 , 0.164851 , 0.0148253 , 
3 , 0.21875 , 15 , 1 , OFF , ZM , 11 , 1 , 1 , 1 , 1 , 1 , 1 , 1 , 1 , 309 , MultiplierP_unq1 , MultiplierP , 291 , 33 , 30 , 309 , 0 , 309 , 0 , 309 , 0 , 0 , 1.07 , 1 , 1.09393345349909 , 0.9 , 324 , svt , 0.000535 , 1.07 , 0.1597278 , 0.0146792 , 0.000508737596 , 0.84 , 0.1306842 , 0.0163241 , 0.000535 , 1.07 , 0.1597278 , 0.0146792 , 0.000535 , 1.09 , 0.1653965 , 0.0147519 , 
3 , 0.21875 , 15 , 1 , OFF , ZM , 11 , 1 , 1 , 1 , 1 , 1 , 1 , 1 , 1 , 309 , MultiplierP_unq1 , MultiplierP , 831 , 32 , 30 , 309 , 0 , 309 , 0 , 309 , 0 , 0 , 1.07 , 1 , 1.1 , 0.9 , 863 , svt , 0.000535 , 1.07 , 0.1603233 , 0.0146629 , 0.000508737596 , 0.84 , 0.1306842 , 0.0163241 , 0.000535 , 1.07 , 0.1603233 , 0.0146629 , 0.000535 , 1.09 , 0.1653747 , 0.0147446 , 
3 , 0.21875 , 15 , 1 , OFF , ZM , 11 , 1 , 1 , 1 , 1 , 1 , 1 , 1 , 1 , 311 , MultiplierP_unq1 , MultiplierP , 313 , 33 , 30 , 311 , 0 , 311 , 0 , 311 , 0 , 0 , 1.10 , 1 , 20 , 0.9 , 346 , svt , 0.000539 , 1.10 , 0.1628651 , 0.0144536 , 0.000509443197 , 0.83 , 0.1303945 , 0.0161619 , 0.000539 , 1.10 , 0.1628651 , 0.0144536 , 0.000539 , 1.16 , 0.1656874 , 0.0144536 , 
3 , 0.21875 , 15 , 1 , OFF , ZM , 11 , 1 , 1 , 1 , 1 , 1 , 1 , 1 , 1 , 311 , MultiplierP_unq1 , MultiplierP , 313 , 33 , 30 , 311 , 0 , 311 , 0 , 311 , 0 , 0 , 1.57 , 0 , 20 , 0.9 , 346 , svt , 0.000539 , 1.57 , 0.1293738 , 0.0106005 , 0.000509443197 , 1.18 , 0.1037946 , 0.0118375 , 0.000539 , 1.57 , 0.1293738 , 0.0106005 , 0.000539 , 1.65 , 0.1315825 , 0.0106005 , 
5 , 0.34375 , 15 , 2 , OFF , OS1 , 11 , 1 , 1 , 1 , 1 , 1 , 1 , 1 , 1 , 483 , MultiplierP_unq1 , MultiplierP , 852 , 33 , 30 , 483 , 0 , 483 , 0 , 545 , 0 , 0 , 0.38 , 0 , 0.48 , 0.9 , 885 , svt , 0.000776 , 0.38 , 0.3082911 , 0.0348855 , 0.000771750014 , 0.31 , 0.2714768 , 0.0423206 , 0.000776 , 0.38 , 0.3082911 , 0.0348855 , 0.00082 , 0.39 , 0.3389998 , 0.0384684 , 
5 , 0.34375 , 15 , 2 , OFF , OS1 , 11 , 1 , 1 , 1 , 1 , 1 , 1 , 1 , 1 , 359 , MultiplierP_unq1 , MultiplierP , 341 , 32 , 30 , 361 , 0 , 359 , 0 , 380 , 0 , 0 , 0.46 , 0 , 0.597118047154129 , 0.9 , 373 , svt , 0.000557 , 0.46 , 0.2254805 , 0.0203855 , 0.000551779206 , 0.37 , 0.1920405 , 0.0274264 , 0.000557 , 0.46 , 0.2254805 , 0.0203855 , 0.00059 , 0.46 , 0.2448217 , 0.0221631 , 
5 , 0.34375 , 15 , 2 , OFF , OS1 , 11 , 1 , 1 , 1 , 1 , 1 , 1 , 1 , 1 , 291 , MultiplierP_unq1 , MultiplierP , 316 , 32 , 30 , 288 , 0 , 291 , 0 , 330 , 0 , 0 , 0.52 , 0 , 0.665993019801903 , 0.9 , 348 , svt , 0.000508 , 0.52 , 0.2167707 , 0.0202663 , 0.000488451599 , 0.41 , 0.181623 , 0.0252846 , 0.000508 , 0.52 , 0.2167707 , 0.0202663 , 0.000541 , 0.51 , 0.2327485 , 0.0205314 , 
5 , 0.34375 , 15 , 2 , OFF , OS1 , 11 , 1 , 1 , 1 , 1 , 1 , 1 , 1 , 1 , 279 , MultiplierP_unq1 , MultiplierP , 344 , 33 , 30 , 277 , 0 , 279 , 0 , 313 , 0 , 0 , 0.57 , 0 , 0.742812421327418 , 0.9 , 377 , svt , 0.000492 , 0.57 , 0.2079026 , 0.0181084 , 0.000463755599 , 0.46 , 0.1740376 , 0.0233051 , 0.000492 , 0.57 , 0.2079026 , 0.0181084 , 0.000519 , 0.57 , 0.2218753 , 0.0184644 , 
5 , 0.34375 , 15 , 2 , OFF , OS1 , 11 , 1 , 1 , 1 , 1 , 1 , 1 , 1 , 1 , 359 , MultiplierP_unq1 , MultiplierP , 341 , 32 , 30 , 361 , 0 , 359 , 0 , 380 , 0 , 0 , 0.59 , 1 , 0.597118047154129 , 0.9 , 373 , svt , 0.000557 , 0.59 , 0.1826259 , 0.0151634 , 0.000551779206 , 0.48 , 0.1555508 , 0.0203487 , 0.000557 , 0.59 , 0.1826259 , 0.0151634 , 0.00059 , 0.60 , 0.1983164 , 0.0164929 , 
5 , 0.34375 , 15 , 2 , OFF , OS1 , 11 , 1 , 1 , 1 , 1 , 1 , 1 , 1 , 1 , 264 , MultiplierP_unq1 , MultiplierP , 333 , 35 , 30 , 261 , 0 , 264 , 0 , 255 , 0 , 0 , 0.62 , 0 , 0.828492607088319 , 0.9 , 368 , svt , 0.000481 , 0.62 , 0.2075658 , 0.0183855 , 0.000454053597 , 0.50 , 0.1761105 , 0.024061 , 0.000481 , 0.62 , 0.2075658 , 0.0183855 , 0.000476 , 0.64 , 0.2150791 , 0.018028 , 
5 , 0.34375 , 15 , 2 , OFF , OS1 , 11 , 1 , 1 , 1 , 1 , 1 , 1 , 1 , 1 , 287 , MultiplierP_unq1 , MultiplierP , 311 , 34 , 30 , 286 , 0 , 287 , 0 , 273 , 0 , 0 , 0.71 , 0 , 0.924055630051787 , 0.9 , 345 , svt , 0.000486 , 0.71 , 0.1994642 , 0.0157844 , 0.000463402799 , 0.56 , 0.1638491 , 0.0209641 , 0.000486 , 0.71 , 0.1994642 , 0.0157844 , 0.000486 , 0.71 , 0.2107359 , 0.015833 , 
5 , 0.34375 , 15 , 2 , OFF , OS1 , 11 , 1 , 1 , 1 , 1 , 1 , 1 , 1 , 1 , 279 , MultiplierP_unq1 , MultiplierP , 344 , 33 , 30 , 277 , 0 , 279 , 0 , 313 , 0 , 0 , 0.74 , 1 , 0.742812421327418 , 0.9 , 377 , svt , 0.000492 , 0.74 , 0.1685294 , 0.0134865 , 0.000463755599 , 0.59 , 0.1410747 , 0.0173237 , 0.000492 , 0.74 , 0.1685294 , 0.0134865 , 0.000519 , 0.74 , 0.1798398 , 0.0137516 , 
5 , 0.34375 , 15 , 2 , OFF , OS1 , 11 , 1 , 1 , 1 , 1 , 1 , 1 , 1 , 1 , 286 , MultiplierP_unq1 , MultiplierP , 333 , 34 , 30 , 286 , 0 , 286 , 0 , 274 , 0 , 0 , 0.76 , 0 , 1.0306414325546 , 0.9 , 367 , svt , 0.000481 , 0.76 , 0.2016389 , 0.0155009 , 0.000457934399 , 0.63 , 0.1621977 , 0.0205487 , 0.000481 , 0.76 , 0.2016389 , 0.0155009 , 0.000476 , 0.79 , 0.2100359 , 0.0155719 , 
5 , 0.34375 , 15 , 2 , OFF , OS1 , 11 , 1 , 1 , 1 , 1 , 1 , 1 , 1 , 1 , 290 , MultiplierP_unq1 , MultiplierP , 411 , 32 , 30 , 288 , 0 , 290 , 0 , 273 , 0 , 0 , 0.95 , 0 , 1.28211374900654 , 0.9 , 443 , svt , 0.000486 , 0.95 , 0.2012887 , 0.0152569 , 0.0004581108 , 0.76 , 0.1614825 , 0.0202809 , 0.000486 , 0.95 , 0.2012887 , 0.0152569 , 0.000476 , 0.99 , 0.2083573 , 0.0150678 , 
5 , 0.34375 , 15 , 2 , OFF , OS1 , 11 , 1 , 1 , 1 , 1 , 1 , 1 , 1 , 1 , 286 , MultiplierP_unq1 , MultiplierP , 333 , 34 , 30 , 286 , 0 , 286 , 0 , 274 , 0 , 0 , 1.00 , 1 , 1.0306414325546 , 0.9 , 367 , svt , 0.000481 , 1.00 , 0.1633279 , 0.0115558 , 0.000457934399 , 0.82 , 0.1314633 , 0.0152831 , 0.000481 , 1.00 , 0.1633279 , 0.0115558 , 0.000476 , 1.02 , 0.1701206 , 0.0116071 , 
5 , 0.34375 , 15 , 2 , OFF , OS1 , 11 , 1 , 1 , 1 , 1 , 1 , 1 , 1 , 1 , 290 , MultiplierP_unq1 , MultiplierP , 298 , 32 , 30 , 288 , 0 , 290 , 0 , 273 , 0 , 0 , 1.43 , 1 , 20 , 0.9 , 330 , svt , 0.000486 , 1.43 , 0.163766 , 0.0113544 , 0.0004581108 , 0.99 , 0.1308582 , 0.0150848 , 0.000486 , 1.43 , 0.163766 , 0.0113544 , 0.000476 , 1.43 , 0.1697686 , 0.0112377 , 
5 , 0.34375 , 15 , 2 , OFF , OS1 , 11 , 1 , 1 , 1 , 1 , 1 , 1 , 1 , 1 , 290 , MultiplierP_unq1 , MultiplierP , 298 , 32 , 30 , 288 , 0 , 290 , 0 , 273 , 0 , 0 , 2.03 , 0 , 20 , 0.9 , 330 , svt , 0.000486 , 2.03 , 0.1299286 , 0.0083431 , 0.0004581108 , 1.42 , 0.1040151 , 0.0110551 , 0.000486 , 2.03 , 0.1299286 , 0.0083431 , 0.000476 , 2.04 , 0.1346655 , 0.0082574 , 
6 , 0.40625 , 15 , 2 , OFF , Wallace , 11 , 1 , 1 , 1 , 1 , 1 , 1 , 1 , 1 , 453 , MultiplierP_unq1 , MultiplierP , 889 , 32 , 30 , 411 , 0 , 453 , 0 , 528 , 0 , 0 , 0.36 , 0 , 0.47 , 0.9 , 921 , svt , 0.000807 , 0.36 , 0.3151612 , 0.0391984 , 0.000647035212 , 0.32 , 0.2260874 , 0.0344465 , 0.000807 , 0.36 , 0.3151612 , 0.0391984 , 0.000807 , 0.38 , 0.3256465 , 0.037815 , 
6 , 0.40625 , 15 , 2 , OFF , Wallace , 11 , 1 , 1 , 1 , 1 , 1 , 1 , 1 , 1 , 391 , MultiplierP_unq1 , MultiplierP , 346 , 33 , 30 , 386 , 0 , 391 , 0 , 427 , 0 , 0 , 0.40 , 0 , 0.512177351477172 , 0.9 , 379 , svt , 0.000609 , 0.40 , 0.2460618 , 0.0250755 , 0.00060046561 , 0.32 , 0.2085324 , 0.0314658 , 0.000609 , 0.40 , 0.2460618 , 0.0250755 , 0.00066 , 0.40 , 0.2701022 , 0.0282248 , 
6 , 0.40625 , 15 , 2 , OFF , Wallace , 11 , 1 , 1 , 1 , 1 , 1 , 1 , 1 , 1 , 366 , MultiplierP_unq1 , MultiplierP , 328 , 31 , 30 , 363 , 0 , 366 , 0 , 385 , 0 , 0 , 0.43 , 0 , 0.558139658225896 , 0.9 , 359 , svt , 0.000563 , 0.43 , 0.2255535 , 0.0214393 , 0.000547898406 , 0.34 , 0.194112 , 0.0277606 , 0.000563 , 0.43 , 0.2255535 , 0.0214393 , 0.00059 , 0.45 , 0.2515765 , 0.0238728 , 
6 , 0.40625 , 15 , 2 , OFF , Wallace , 11 , 1 , 1 , 1 , 1 , 1 , 1 , 1 , 1 , 327 , MultiplierP_unq1 , MultiplierP , 318 , 31 , 30 , 324 , 0 , 327 , 0 , 369 , 0 , 0 , 0.47 , 0 , 0.608226578520242 , 0.9 , 349 , svt , 0.000524 , 0.47 , 0.2220454 , 0.0202209 , 0.000511736402 , 0.37 , 0.19174 , 0.026354 , 0.000524 , 0.47 , 0.2220454 , 0.0202209 , 0.000557 , 0.47 , 0.2459397 , 0.0218366 , 
6 , 0.40625 , 15 , 2 , OFF , Wallace , 11 , 1 , 1 , 1 , 1 , 1 , 1 , 1 , 1 , 266 , MultiplierP_unq1 , MultiplierP , 296 , 31 , 30 , 259 , 0 , 266 , 0 , 298 , 0 , 0 , 0.51 , 0 , 0.662808251243659 , 0.9 , 327 , svt , 0.000497 , 0.51 , 0.2138905 , 0.0200321 , 0.000457405196 , 0.41 , 0.1732484 , 0.023744 , 0.000497 , 0.51 , 0.2138905 , 0.0200321 , 0.000508 , 0.51 , 0.2264239 , 0.0197007 , 
6 , 0.40625 , 15 , 2 , OFF , Wallace , 11 , 1 , 1 , 1 , 1 , 1 , 1 , 1 , 1 , 266 , MultiplierP_unq1 , MultiplierP , 293 , 31 , 30 , 262 , 0 , 266 , 0 , 284 , 0 , 0 , 0.55 , 0 , 0.722288031189774 , 0.9 , 324 , svt , 0.000481 , 0.55 , 0.2057965 , 0.0186789 , 0.000451583997 , 0.43 , 0.1719751 , 0.0234936 , 0.000481 , 0.55 , 0.2057965 , 0.0186789 , 0.000492 , 0.57 , 0.2242433 , 0.0189714 , 
6 , 0.40625 , 15 , 2 , OFF , Wallace , 11 , 1 , 1 , 1 , 1 , 1 , 1 , 1 , 1 , 284 , MultiplierP_unq1 , MultiplierP , 281 , 34 , 30 , 282 , 0 , 284 , 0 , 276 , 0 , 0 , 0.63 , 0 , 0.857739563550885 , 0.9 , 315 , svt , 0.000481 , 0.63 , 0.1988858 , 0.0159949 , 0.000455288399 , 0.47 , 0.162785 , 0.0206106 , 0.000481 , 0.63 , 0.1988858 , 0.0159949 , 0.000481 , 0.66 , 0.2067889 , 0.0158862 , 
6 , 0.40625 , 15 , 2 , OFF , Wallace , 11 , 1 , 1 , 1 , 1 , 1 , 1 , 1 , 1 , 286 , MultiplierP_unq1 , MultiplierP , 289 , 33 , 30 , 280 , 0 , 286 , 0 , 274 , 0 , 0 , 0.78 , 1 , 0.787105469826468 , 0.9 , 322 , svt , 0.000486 , 0.78 , 0.1638152 , 0.0123971 , 0.000454582799 , 0.62 , 0.132425 , 0.015422 , 0.000486 , 0.78 , 0.1638152 , 0.0123971 , 0.000481 , 0.75 , 0.1706462 , 0.0122317 , 
6 , 0.40625 , 15 , 2 , OFF , Wallace , 11 , 1 , 1 , 1 , 1 , 1 , 1 , 1 , 1 , 284 , MultiplierP_unq1 , MultiplierP , 281 , 34 , 30 , 282 , 0 , 284 , 0 , 276 , 0 , 0 , 0.81 , 1 , 0.857739563550885 , 0.9 , 315 , svt , 0.000481 , 0.81 , 0.1611693 , 0.0119202 , 0.000455288399 , 0.62 , 0.1319628 , 0.0153309 , 0.000481 , 0.81 , 0.1611693 , 0.0119202 , 0.000481 , 0.86 , 0.1675374 , 0.0118396 , 
6 , 0.40625 , 15 , 2 , OFF , Wallace , 11 , 1 , 1 , 1 , 1 , 1 , 1 , 1 , 1 , 283 , MultiplierP_unq1 , MultiplierP , 319 , 33 , 30 , 282 , 0 , 283 , 0 , 267 , 0 , 0 , 0.84 , 0 , 20 , 0.9 , 352 , svt , 0.000481 , 0.84 , 0.2021767 , 0.015773 , 0.000455288399 , 0.55 , 0.162678 , 0.0205675 , 0.000481 , 0.84 , 0.2021767 , 0.015773 , 0.00047 , 0.88 , 0.2088785 , 0.0156723 , 
6 , 0.40625 , 15 , 2 , OFF , Wallace , 11 , 1 , 1 , 1 , 1 , 1 , 1 , 1 , 1 , 283 , MultiplierP_unq1 , MultiplierP , 319 , 33 , 30 , 282 , 0 , 283 , 0 , 267 , 0 , 0 , 1.11 , 1 , 20 , 0.9 , 352 , svt , 0.000481 , 1.11 , 0.1637404 , 0.0117565 , 0.000455288399 , 0.73 , 0.1318492 , 0.0152995 , 0.000481 , 1.11 , 0.1637404 , 0.0117565 , 0.00047 , 1.16 , 0.1691644 , 0.011681 , 
6 , 0.40625 , 15 , 2 , OFF , Wallace , 11 , 1 , 1 , 1 , 1 , 1 , 1 , 1 , 1 , 283 , MultiplierP_unq1 , MultiplierP , 319 , 33 , 30 , 282 , 0 , 283 , 0 , 267 , 0 , 0 , 1.59 , 0 , 20 , 0.9 , 352 , svt , 0.000481 , 1.59 , 0.1299317 , 0.0086354 , 0.000455288399 , 1.05 , 0.1048368 , 0.011213 , 0.000481 , 1.59 , 0.1299317 , 0.0086354 , 0.00047 , 1.67 , 0.134217 , 0.0085796 , 
7 , 0.46875 , 15 , 2 , OFF , ZM , 11 , 1 , 1 , 1 , 1 , 1 , 1 , 1 , 1 , 450 , MultiplierP_unq1 , MultiplierP , 834 , 32 , 30 , 456 , 0 , 450 , 0 , 463 , 0 , 0 , 0.39 , 0 , 0.5 , 0.9 , 866 , svt , 0.000699 , 0.39 , 0.2858937 , 0.0308831 , 0.000717595212 , 0.32 , 0.250753 , 0.0386627 , 0.000699 , 0.39 , 0.2858937 , 0.0308831 , 0.000688 , 0.40 , 0.2842903 , 0.029391 , 
7 , 0.46875 , 15 , 2 , OFF , ZM , 11 , 1 , 1 , 1 , 1 , 1 , 1 , 1 , 1 , 407 , MultiplierP_unq1 , MultiplierP , 366 , 32 , 30 , 405 , 0 , 407 , 0 , 440 , 0 , 0 , 0.42 , 0 , 0.543428971449606 , 0.9 , 398 , svt , 0.00062 , 0.42 , 0.256799 , 0.0243438 , 0.000628160412 , 0.33 , 0.2283541 , 0.0315804 , 0.00062 , 0.42 , 0.256799 , 0.0243438 , 0.000649 , 0.44 , 0.2856354 , 0.0276425 , 
7 , 0.46875 , 15 , 2 , OFF , ZM , 11 , 1 , 1 , 1 , 1 , 1 , 1 , 1 , 1 , 336 , MultiplierP_unq1 , MultiplierP , 358 , 34 , 30 , 327 , 0 , 336 , 0 , 357 , 0 , 0 , 0.45 , 0 , 0.590630094021554 , 0.9 , 392 , svt , 0.000541 , 0.45 , 0.2289324 , 0.0209515 , 0.000518792403 , 0.36 , 0.1975605 , 0.0267075 , 0.000541 , 0.45 , 0.2289324 , 0.0209515 , 0.000557 , 0.46 , 0.2494795 , 0.0224614 , 
7 , 0.46875 , 15 , 2 , OFF , ZM , 11 , 1 , 1 , 1 , 1 , 1 , 1 , 1 , 1 , 278 , MultiplierP_unq1 , MultiplierP , 327 , 31 , 30 , 262 , 0 , 278 , 0 , 308 , 0 , 0 , 0.50 , 0 , 0.641931009002635 , 0.9 , 358 , svt , 0.000503 , 0.50 , 0.2209423 , 0.0203074 , 0.000481395597 , 0.39 , 0.1904757 , 0.0262202 , 0.000503 , 0.50 , 0.2209423 , 0.0203074 , 0.000519 , 0.50 , 0.2446522 , 0.0213274 , 
7 , 0.46875 , 15 , 2 , OFF , ZM , 11 , 1 , 1 , 1 , 1 , 1 , 1 , 1 , 1 , 269 , MultiplierP_unq1 , MultiplierP , 321 , 32 , 30 , 262 , 0 , 269 , 0 , 309 , 0 , 0 , 0.53 , 0 , 0.69768781592782 , 0.9 , 353 , svt , 0.000486 , 0.53 , 0.2114808 , 0.0188476 , 0.000452289597 , 0.43 , 0.1769163 , 0.0234155 , 0.000486 , 0.53 , 0.2114808 , 0.0188476 , 0.000513 , 0.55 , 0.2295974 , 0.0189144 , 
7 , 0.46875 , 15 , 2 , OFF , ZM , 11 , 1 , 1 , 1 , 1 , 1 , 1 , 1 , 1 , 265 , MultiplierP_unq1 , MultiplierP , 312 , 33 , 30 , 260 , 0 , 265 , 0 , 282 , 0 , 0 , 0.59 , 0 , 0.758287544405155 , 0.9 , 345 , svt , 0.000476 , 0.59 , 0.2087418 , 0.0178915 , 0.000448232397 , 0.46 , 0.1761713 , 0.0232013 , 0.000476 , 0.59 , 0.2087418 , 0.0178915 , 0.000492 , 0.58 , 0.2288145 , 0.0186077 , 
7 , 0.46875 , 15 , 2 , OFF , ZM , 11 , 1 , 1 , 1 , 1 , 1 , 1 , 1 , 1 , 285 , MultiplierP_unq1 , MultiplierP , 338 , 35 , 30 , 284 , 0 , 285 , 0 , 282 , 0 , 0 , 0.63 , 0 , 0.824150840638282 , 0.9 , 373 , svt , 0.000486 , 0.63 , 0.2079493 , 0.0165294 , 0.000461991599 , 0.50 , 0.1719964 , 0.0214244 , 0.000486 , 0.63 , 0.2079493 , 0.0165294 , 0.000486 , 0.63 , 0.21467 , 0.0160418 , 
7 , 0.46875 , 15 , 2 , OFF , ZM , 11 , 1 , 1 , 1 , 1 , 1 , 1 , 1 , 1 , 284 , MultiplierP_unq1 , MultiplierP , 318 , 34 , 30 , 284 , 0 , 284 , 0 , 287 , 0 , 0 , 0.65 , 0 , 0.89573488729478 , 0.9 , 352 , svt , 0.000486 , 0.65 , 0.2032949 , 0.0156591 , 0.000456699599 , 0.51 , 0.1676711 , 0.0207176 , 0.000486 , 0.65 , 0.2032949 , 0.0156591 , 0.000486 , 0.68 , 0.2170141 , 0.0159316 , 
7 , 0.46875 , 15 , 2 , OFF , ZM , 11 , 1 , 1 , 1 , 1 , 1 , 1 , 1 , 1 , 285 , MultiplierP_unq1 , MultiplierP , 312 , 33 , 30 , 284 , 0 , 285 , 0 , 273 , 0 , 0 , 0.74 , 0 , 0.973536576988263 , 0.9 , 345 , svt , 0.000481 , 0.74 , 0.2039622 , 0.015517 , 0.000461991599 , 0.59 , 0.1719688 , 0.0214053 , 0.000481 , 0.74 , 0.2039622 , 0.015517 , 0.000476 , 0.74 , 0.2145102 , 0.015297 , 
7 , 0.46875 , 15 , 2 , OFF , ZM , 11 , 1 , 1 , 1 , 1 , 1 , 1 , 1 , 1 , 284 , MultiplierP_unq1 , MultiplierP , 315 , 33 , 30 , 284 , 0 , 284 , 0 , 269 , 0 , 0 , 0.81 , 0 , 1.0580959614026 , 0.9 , 348 , svt , 0.000481 , 0.81 , 0.2027316 , 0.0155238 , 0.000456699599 , 0.60 , 0.1676398 , 0.0206845 , 0.000481 , 0.81 , 0.2027316 , 0.0155238 , 0.000476 , 0.78 , 0.2177434 , 0.0158317 , 
7 , 0.46875 , 15 , 2 , OFF , ZM , 11 , 1 , 1 , 1 , 1 , 1 , 1 , 1 , 1 , 285 , MultiplierP_unq1 , MultiplierP , 338 , 35 , 30 , 284 , 0 , 285 , 0 , 282 , 0 , 0 , 0.82 , 1 , 0.824150840638282 , 0.9 , 373 , svt , 0.000486 , 0.82 , 0.1684858 , 0.0123149 , 0.000461991599 , 0.66 , 0.1394151 , 0.0159281 , 0.000486 , 0.82 , 0.1684858 , 0.0123149 , 0.000486 , 0.81 , 0.1739919 , 0.011957 , 
7 , 0.46875 , 15 , 2 , OFF , ZM , 11 , 1 , 1 , 1 , 1 , 1 , 1 , 1 , 1 , 284 , MultiplierP_unq1 , MultiplierP , 318 , 34 , 30 , 284 , 0 , 284 , 0 , 287 , 0 , 0 , 0.86 , 1 , 0.89573488729478 , 0.9 , 352 , svt , 0.000486 , 0.86 , 0.1647277 , 0.0116737 , 0.000456699599 , 0.67 , 0.1359268 , 0.0154086 , 0.000486 , 0.86 , 0.1647277 , 0.0116737 , 0.000486 , 0.89 , 0.1758544 , 0.0118707 , 
7 , 0.46875 , 15 , 2 , OFF , ZM , 11 , 1 , 1 , 1 , 1 , 1 , 1 , 1 , 1 , 285 , MultiplierP_unq1 , MultiplierP , 314 , 34 , 30 , 284 , 0 , 285 , 0 , 269 , 0 , 0 , 0.88 , 0 , 20 , 0.9 , 348 , svt , 0.000481 , 0.88 , 0.2088683 , 0.0155068 , 0.000456699599 , 0.60 , 0.1676398 , 0.0206845 , 0.000481 , 0.88 , 0.2088683 , 0.0155068 , 0.000476 , 0.90 , 0.2205369 , 0.0154153 , 
7 , 0.46875 , 15 , 2 , OFF , ZM , 11 , 1 , 1 , 1 , 1 , 1 , 1 , 1 , 1 , 285 , MultiplierP_unq1 , MultiplierP , 312 , 33 , 30 , 284 , 0 , 285 , 0 , 273 , 0 , 0 , 0.97 , 1 , 0.973536576988263 , 0.9 , 345 , svt , 0.000481 , 0.97 , 0.1652479 , 0.0115682 , 0.000461991599 , 0.78 , 0.1393675 , 0.0159139 , 0.000481 , 0.97 , 0.1652479 , 0.0115682 , 0.000476 , 0.97 , 0.1737695 , 0.0114043 , 
7 , 0.46875 , 15 , 2 , OFF , ZM , 11 , 1 , 1 , 1 , 1 , 1 , 1 , 1 , 1 , 285 , MultiplierP_unq1 , MultiplierP , 314 , 34 , 30 , 284 , 0 , 285 , 0 , 269 , 0 , 0 , 1.15 , 1 , 20 , 0.9 , 348 , svt , 0.000481 , 1.15 , 0.1691968 , 0.0115605 , 0.000456699599 , 0.80 , 0.1358767 , 0.0153841 , 0.000481 , 1.15 , 0.1691968 , 0.0115605 , 0.000476 , 1.18 , 0.1786288 , 0.0114918 , 
7 , 0.46875 , 15 , 2 , OFF , ZM , 11 , 1 , 1 , 1 , 1 , 1 , 1 , 1 , 1 , 285 , MultiplierP_unq1 , MultiplierP , 314 , 34 , 30 , 284 , 0 , 285 , 0 , 269 , 0 , 0 , 1.65 , 0 , 20 , 0.9 , 348 , svt , 0.000481 , 1.65 , 0.134277 , 0.0084936 , 0.000456699599 , 1.15 , 0.1080406 , 0.0112735 , 0.000481 , 1.65 , 0.134277 , 0.0084936 , 0.000476 , 1.68 , 0.1417229 , 0.0084427 , 
8 , 0.53125 , 15 , 3 , OFF , Array , 11 , 1 , 1 , 1 , 1 , 1 , 1 , 1 , 1 , 471 , MultiplierP_unq1 , MultiplierP , 305 , 33 , 30 , 471 , 0 , 471 , 0 , 356 , 0 , 0 , 0.88 , 0 , 20 , 0.9 , 338 , svt , 0.000535 , 0.88 , 0.1763811 , 0.0110123 , 0.000505209607 , 0.60 , 0.1370979 , 0.0162478 , 0.000535 , 0.88 , 0.1763811 , 0.0110123 , 0.000471 , 0.96 , 0.1800797 , 0.0101053 , 
8 , 0.53125 , 15 , 3 , OFF , Array , 11 , 1 , 1 , 1 , 1 , 1 , 1 , 1 , 1 , 471 , MultiplierP_unq1 , MultiplierP , 305 , 33 , 30 , 471 , 0 , 471 , 0 , 356 , 0 , 0 , 1.15 , 1 , 20 , 0.9 , 338 , svt , 0.000535 , 1.15 , 0.1426393 , 0.008227 , 0.000505209607 , 0.79 , 0.1110546 , 0.0120874 , 0.000535 , 1.15 , 0.1426393 , 0.008227 , 0.000471 , 1.26 , 0.1457494 , 0.0075498 , 
8 , 0.53125 , 15 , 3 , OFF , Array , 11 , 1 , 1 , 1 , 1 , 1 , 1 , 1 , 1 , 471 , MultiplierP_unq1 , MultiplierP , 305 , 33 , 30 , 471 , 0 , 471 , 0 , 356 , 0 , 0 , 1.64 , 0 , 20 , 0.9 , 338 , svt , 0.000535 , 1.64 , 0.1129687 , 0.0060603 , 0.000505209607 , 1.14 , 0.0881893 , 0.0088628 , 0.000535 , 1.64 , 0.1129687 , 0.0060603 , 0.000471 , 1.81 , 0.1154645 , 0.0055623 , 
9 , 0.59375 , 15 , 3 , OFF , OS1 , 11 , 1 , 1 , 1 , 1 , 1 , 1 , 1 , 1 , 1085 , MultiplierP_unq1 , MultiplierP , 1124 , 32 , 30 , 1096 , 0 , 1085 , 0 , 998 , 0 , 0 , 0.37 , 0 , 0.48 , 0.9 , 1156 , svt , 0.001457 , 0.37 , 0.407281 , 0.0601842 , 0.001577898023 , 0.30 , 0.3584921 , 0.0802009 , 0.001457 , 0.37 , 0.407281 , 0.0601842 , 0.001379 , 0.39 , 0.4400943 , 0.0607024 , 
9 , 0.59375 , 15 , 3 , OFF , OS1 , 11 , 1 , 1 , 1 , 1 , 1 , 1 , 1 , 1 , 508 , MultiplierP_unq1 , MultiplierP , 321 , 33 , 30 , 493 , 0 , 508 , 0 , 416 , 0 , 0 , 0.52 , 0 , 0.67604580121451 , 0.9 , 354 , svt , 0.000587 , 0.52 , 0.2066423 , 0.018576 , 0.000556012809 , 0.41 , 0.170573 , 0.0244646 , 0.000587 , 0.52 , 0.2066423 , 0.018576 , 0.000553 , 0.53 , 0.2257899 , 0.0204294 , 
9 , 0.59375 , 15 , 3 , OFF , OS1 , 11 , 1 , 1 , 1 , 1 , 1 , 1 , 1 , 1 , 480 , MultiplierP_unq1 , MultiplierP , 316 , 32 , 30 , 452 , 0 , 480 , 0 , 389 , 0 , 0 , 0.57 , 0 , 0.736478105580879 , 0.9 , 348 , svt , 0.000558 , 0.57 , 0.1939773 , 0.016745 , 0.000509796006 , 0.45 , 0.1551912 , 0.0212339 , 0.000558 , 0.57 , 0.1939773 , 0.016745 , 0.000518 , 0.57 , 0.2184561 , 0.0180344 , 
9 , 0.59375 , 15 , 3 , OFF , OS1 , 11 , 1 , 1 , 1 , 1 , 1 , 1 , 1 , 1 , 469 , MultiplierP_unq1 , MultiplierP , 301 , 31 , 30 , 469 , 0 , 469 , 0 , 359 , 0 , 0 , 0.86 , 0 , 20 , 0.9 , 332 , svt , 0.000535 , 0.86 , 0.1756561 , 0.0109236 , 0.000506091607 , 0.57 , 0.1351019 , 0.0160965 , 0.000535 , 0.86 , 0.1756561 , 0.0109236 , 0.000471 , 0.97 , 0.1814041 , 0.0100693 , 
9 , 0.59375 , 15 , 3 , OFF , OS1 , 11 , 1 , 1 , 1 , 1 , 1 , 1 , 1 , 1 , 469 , MultiplierP_unq1 , MultiplierP , 301 , 31 , 30 , 469 , 0 , 469 , 0 , 359 , 0 , 0 , 1.13 , 1 , 20 , 0.9 , 332 , svt , 0.000535 , 1.13 , 0.1420594 , 0.0081622 , 0.000506091607 , 0.75 , 0.109426 , 0.0119757 , 0.000535 , 1.13 , 0.1420594 , 0.0081622 , 0.000471 , 1.28 , 0.1468 , 0.0075243 , 
9 , 0.59375 , 15 , 3 , OFF , OS1 , 11 , 1 , 1 , 1 , 1 , 1 , 1 , 1 , 1 , 469 , MultiplierP_unq1 , MultiplierP , 301 , 31 , 30 , 469 , 0 , 469 , 0 , 359 , 0 , 0 , 1.62 , 0 , 20 , 0.9 , 332 , svt , 0.000535 , 1.62 , 0.112504 , 0.0060137 , 0.000506091607 , 1.08 , 0.0868854 , 0.0087816 , 0.000535 , 1.62 , 0.112504 , 0.0060137 , 0.000471 , 1.84 , 0.116274 , 0.0055446 , 
10 , 0.65625 , 15 , 3 , OFF , Wallace , 11 , 1 , 1 , 1 , 1 , 1 , 1 , 1 , 1 , 463 , MultiplierP_unq1 , MultiplierP , 317 , 32 , 30 , 462 , 0 , 463 , 0 , 354 , 0 , 0 , 0.86 , 0 , 20 , 0.9 , 349 , svt , 0.000535 , 0.86 , 0.1775728 , 0.0116345 , 0.000504151206 , 0.56 , 0.1375251 , 0.017094 , 0.000535 , 0.86 , 0.1775728 , 0.0116345 , 0.000471 , 0.94 , 0.1851214 , 0.0107877 , 
10 , 0.65625 , 15 , 3 , OFF , Wallace , 11 , 1 , 1 , 1 , 1 , 1 , 1 , 1 , 1 , 463 , MultiplierP_unq1 , MultiplierP , 317 , 32 , 30 , 462 , 0 , 463 , 0 , 354 , 0 , 0 , 1.13 , 1 , 20 , 0.9 , 349 , svt , 0.000535 , 1.13 , 0.1436179 , 0.0086891 , 0.000504151206 , 0.74 , 0.1113952 , 0.0127141 , 0.000535 , 1.13 , 0.1436179 , 0.0086891 , 0.000471 , 1.24 , 0.1498111 , 0.0080568 , 
10 , 0.65625 , 15 , 3 , OFF , Wallace , 11 , 1 , 1 , 1 , 1 , 1 , 1 , 1 , 1 , 463 , MultiplierP_unq1 , MultiplierP , 317 , 32 , 30 , 462 , 0 , 463 , 0 , 354 , 0 , 0 , 1.62 , 0 , 20 , 0.9 , 349 , svt , 0.000535 , 1.62 , 0.1137655 , 0.006398 , 0.000504151206 , 1.07 , 0.0884753 , 0.0093195 , 0.000535 , 1.62 , 0.1137655 , 0.006398 , 0.000471 , 1.78 , 0.118681 , 0.005933 , 
11 , 0.71875 , 15 , 3 , OFF , ZM , 11 , 1 , 1 , 1 , 1 , 1 , 1 , 1 , 1 , 607 , MultiplierP_unq1 , MultiplierP , 344 , 33 , 30 , 593 , 0 , 607 , 0 , 550 , 0 , 0 , 0.48 , 0 , 0.627917609664724 , 0.9 , 377 , svt , 0.000698 , 0.48 , 0.2319476 , 0.0229196 , 0.000667144812 , 0.39 , 0.1989085 , 0.0305691 , 0.000698 , 0.48 , 0.2319476 , 0.0229196 , 0.000692 , 0.49 , 0.2635721 , 0.0263761 , 
11 , 0.71875 , 15 , 3 , OFF , ZM , 11 , 1 , 1 , 1 , 1 , 1 , 1 , 1 , 1 , 519 , MultiplierP_unq1 , MultiplierP , 320 , 31 , 30 , 504 , 0 , 519 , 0 , 438 , 0 , 0 , 0.53 , 0 , 0.682032165607368 , 0.9 , 351 , svt , 0.000593 , 0.53 , 0.2049014 , 0.0183857 , 0.000553366809 , 0.42 , 0.1728931 , 0.0246456 , 0.000593 , 0.53 , 0.2049014 , 0.0183857 , 0.000553 , 0.53 , 0.2254123 , 0.0196852 , 
11 , 0.71875 , 15 , 3 , OFF , ZM , 11 , 1 , 1 , 1 , 1 , 1 , 1 , 1 , 1 , 464 , MultiplierP_unq1 , MultiplierP , 306 , 31 , 30 , 449 , 0 , 464 , 0 , 402 , 0 , 0 , 0.58 , 0 , 0.740810367098085 , 0.9 , 337 , svt , 0.000547 , 0.58 , 0.1967023 , 0.0173229 , 0.000508561205 , 0.45 , 0.1549708 , 0.0214091 , 0.000547 , 0.58 , 0.1967023 , 0.0173229 , 0.000529 , 0.57 , 0.2169241 , 0.0180612 , 
11 , 0.71875 , 15 , 3 , OFF , ZM , 11 , 1 , 1 , 1 , 1 , 1 , 1 , 1 , 1 , 446 , MultiplierP_unq1 , MultiplierP , 308 , 31 , 30 , 437 , 0 , 446 , 0 , 395 , 0 , 0 , 0.61 , 0 , 0.804654131687878 , 0.9 , 339 , svt , 0.000541 , 0.61 , 0.1886804 , 0.0157704 , 0.000496742404 , 0.49 , 0.1528403 , 0.0212608 , 0.000541 , 0.61 , 0.1886804 , 0.0157704 , 0.000518 , 0.62 , 0.2159497 , 0.0176226 , 
11 , 0.71875 , 15 , 3 , OFF , ZM , 11 , 1 , 1 , 1 , 1 , 1 , 1 , 1 , 1 , 469 , MultiplierP_unq1 , MultiplierP , 301 , 34 , 30 , 469 , 0 , 469 , 0 , 359 , 0 , 0 , 0.85 , 0 , 20 , 0.9 , 335 , svt , 0.000535 , 0.85 , 0.1750449 , 0.0109236 , 0.000506091607 , 0.57 , 0.1351019 , 0.0160965 , 0.000535 , 0.85 , 0.1750449 , 0.0109236 , 0.000471 , 0.97 , 0.1812379 , 0.0100693 , 
11 , 0.71875 , 15 , 3 , OFF , ZM , 11 , 1 , 1 , 1 , 1 , 1 , 1 , 1 , 1 , 469 , MultiplierP_unq1 , MultiplierP , 301 , 34 , 30 , 469 , 0 , 469 , 0 , 359 , 0 , 0 , 1.12 , 1 , 20 , 0.9 , 335 , svt , 0.000535 , 1.12 , 0.1415557 , 0.0081622 , 0.000506091607 , 0.75 , 0.109426 , 0.0119757 , 0.000535 , 1.12 , 0.1415557 , 0.0081622 , 0.000471 , 1.28 , 0.1466663 , 0.0075243 , 
11 , 0.71875 , 15 , 3 , OFF , ZM , 11 , 1 , 1 , 1 , 1 , 1 , 1 , 1 , 1 , 469 , MultiplierP_unq1 , MultiplierP , 301 , 34 , 30 , 469 , 0 , 469 , 0 , 359 , 0 , 0 , 1.60 , 0 , 20 , 0.9 , 335 , svt , 0.000535 , 1.60 , 0.1121013 , 0.0060137 , 0.000506091607 , 1.08 , 0.0868854 , 0.0087816 , 0.000535 , 1.60 , 0.1121013 , 0.0060137 , 0.000471 , 1.84 , 0.1161688 , 0.0055446 , 
14 , 0.90625 , 15 , NA , ON , NA , 11 , 1 , 1 , 1 , 1 , 1 , 1 , 1 , 1 , 372 , MultiplierP_unq1 , MultiplierP , 568 , 30 , 30 , 311 , 0 , 372 , 0 , 372 , 0 , 0 , 0.39 , 0 , 0.5 , 0.9 , 598 , svt , 0.000714 , 0.39 , 0.3055421 , 0.0348952 , 0.000613695603 , 0.33 , 0.2244888 , 0.0352211 , 0.000714 , 0.39 , 0.3055421 , 0.0348952 , 0.000714 , 0.39 , 0.304925 , 0.0350649 , 
14 , 0.90625 , 15 , NA , ON , NA , 11 , 1 , 1 , 1 , 1 , 1 , 1 , 1 , 1 , 306 , MultiplierP_unq1 , MultiplierP , 240 , 31 , 30 , 259 , 0 , 306 , 0 , 306 , 0 , 0 , 0.45 , 0 , 0.586462975133687 , 0.9 , 271 , svt , 0.000559 , 0.45 , 0.2441827 , 0.0236414 , 0.0005059152 , 0.36 , 0.1998083 , 0.0290261 , 0.000559 , 0.45 , 0.2441827 , 0.0236414 , 0.000559 , 0.45 , 0.2437628 , 0.0235855 , 
14 , 0.90625 , 15 , NA , ON , NA , 11 , 1 , 1 , 1 , 1 , 1 , 1 , 1 , 1 , 241 , MultiplierP_unq1 , MultiplierP , 235 , 32 , 30 , 232 , 0 , 241 , 0 , 240 , 0 , 0 , 0.49 , 0 , 0.635149406591051 , 0.9 , 267 , svt , 0.00052 , 0.49 , 0.2325677 , 0.0222401 , 0.000493037998 , 0.39 , 0.2002497 , 0.0284162 , 0.00052 , 0.49 , 0.2325677 , 0.0222401 , 0.00052 , 0.49 , 0.2311747 , 0.0220339 , 
14 , 0.90625 , 15 , NA , ON , NA , 11 , 1 , 1 , 1 , 1 , 1 , 1 , 1 , 1 , 249 , MultiplierP_unq1 , MultiplierP , 220 , 31 , 30 , 228 , 0 , 249 , 0 , 249 , 0 , 0 , 0.53 , 0 , 0.68787764240531 , 0.9 , 251 , svt , 0.000511 , 0.53 , 0.2273526 , 0.0210697 , 0.000467283597 , 0.42 , 0.1844696 , 0.0257423 , 0.000511 , 0.53 , 0.2273526 , 0.0210697 , 0.000511 , 0.53 , 0.2275611 , 0.0210697 , 
14 , 0.90625 , 15 , NA , ON , NA , 11 , 1 , 1 , 1 , 1 , 1 , 1 , 1 , 1 , 214 , MultiplierP_unq1 , MultiplierP , 232 , 31 , 30 , 212 , 0 , 214 , 0 , 216 , 0 , 0 , 0.62 , 0 , 0.806829537385929 , 0.9 , 263 , svt , 0.000452 , 0.62 , 0.2245584 , 0.0192887 , 0.000430945207 , 0.49 , 0.173613 , 0.022858 , 0.000452 , 0.62 , 0.2245584 , 0.0192887 , 0.000452 , 0.61 , 0.2257913 , 0.0196645 , 
14 , 0.90625 , 15 , NA , ON , NA , 11 , 1 , 1 , 1 , 1 , 1 , 1 , 1 , 1 , 208 , MultiplierP_unq1 , MultiplierP , 232 , 31 , 30 , 209 , 0 , 208 , 0 , 208 , 0 , 0 , 0.67 , 0 , 0.873810152761968 , 0.9 , 263 , svt , 0.000452 , 0.67 , 0.2193728 , 0.0179927 , 0.000410482807 , 0.53 , 0.16907 , 0.0212769 , 0.000452 , 0.67 , 0.2193728 , 0.0179927 , 0.000452 , 0.67 , 0.2203779 , 0.018341 , 
14 , 0.90625 , 15 , NA , ON , NA , 11 , 1 , 1 , 1 , 1 , 1 , 1 , 1 , 1 , 208 , MultiplierP_unq1 , MultiplierP , 230 , 30 , 30 , 203 , 0 , 208 , 0 , 208 , 0 , 0 , 0.71 , 0 , 0.946351301842176 , 0.9 , 260 , svt , 0.000449 , 0.71 , 0.2199274 , 0.0180066 , 0.000405720007 , 0.57 , 0.1674513 , 0.0208609 , 0.000449 , 0.71 , 0.2199274 , 0.0180066 , 0.000449 , 0.72 , 0.2196274 , 0.0179796 , 
14 , 0.90625 , 15 , NA , ON , NA , 11 , 1 , 1 , 1 , 1 , 1 , 1 , 1 , 1 , 205 , MultiplierP_unq1 , MultiplierP , 227 , 32 , 30 , 203 , 0 , 205 , 0 , 205 , 0 , 0 , 0.77 , 0 , 1.02491460378161 , 0.9 , 259 , svt , 0.000446 , 0.77 , 0.2181691 , 0.0178942 , 0.000400780807 , 0.61 , 0.1652093 , 0.0204415 , 0.000446 , 0.77 , 0.2181691 , 0.0178942 , 0.000446 , 0.77 , 0.2180663 , 0.0178942 , 
14 , 0.90625 , 15 , NA , ON , NA , 11 , 1 , 1 , 1 , 1 , 1 , 1 , 1 , 1 , 246 , MultiplierP_unq1 , MultiplierP , 242 , 32 , 30 , 247 , 0 , 246 , 0 , 246 , 0 , 0 , 0.84 , 0 , 20 , 0.9 , 274 , svt , 0.000452 , 0.84 , 0.2184926 , 0.0160252 , 0.000420008409 , 0.54 , 0.1630051 , 0.020024 , 0.000452 , 0.84 , 0.2184926 , 0.0160252 , 0.000452 , 0.85 , 0.2182097 , 0.0160116 , 
14 , 0.90625 , 15 , NA , ON , NA , 11 , 1 , 1 , 1 , 1 , 1 , 1 , 1 , 1 , 205 , MultiplierP_unq1 , MultiplierP , 227 , 32 , 30 , 203 , 0 , 205 , 0 , 205 , 0 , 0 , 1.00 , 1 , 1.02491460378161 , 0.9 , 259 , svt , 0.000446 , 1.00 , 0.1766087 , 0.0132883 , 0.000400780807 , 0.81 , 0.1337178 , 0.0151655 , 0.000446 , 1.00 , 0.1766087 , 0.0132883 , 0.000446 , 1.00 , 0.1765253 , 0.0132883 , 
14 , 0.90625 , 15 , NA , ON , NA , 11 , 1 , 1 , 1 , 1 , 1 , 1 , 1 , 1 , 246 , MultiplierP_unq1 , MultiplierP , 242 , 32 , 30 , 247 , 0 , 246 , 0 , 246 , 0 , 0 , 1.11 , 1 , 20 , 0.9 , 274 , svt , 0.000452 , 1.11 , 0.1767105 , 0.0119053 , 0.000420008409 , 0.71 , 0.1319199 , 0.0148554 , 0.000452 , 1.11 , 0.1767105 , 0.0119053 , 0.000452 , 1.12 , 0.1764806 , 0.0118952 , 
14 , 0.90625 , 15 , NA , ON , NA , 11 , 1 , 1 , 1 , 1 , 1 , 1 , 1 , 1 , 246 , MultiplierP_unq1 , MultiplierP , 242 , 32 , 30 , 247 , 0 , 246 , 0 , 246 , 0 , 0 , 1.60 , 0 , 20 , 0.9 , 274 , svt , 0.000452 , 1.60 , 0.140289 , 0.008713 , 0.000420008409 , 1.03 , 0.1050088 , 0.0108568 , 0.000452 , 1.60 , 0.140289 , 0.008713 , 0.000452 , 1.62 , 0.1401061 , 0.0087058 , 
0 , 0.03125 , 15 , 1 , OFF , Array , 11 , 1 , 1 , 1 , 0 , 1 , 1 , 1 , 1 , 609 , MultiplierP_unq1 , MultiplierP , 919 , 32 , 30 , 590 , 0 , 609 , 0 , 637 , 0 , 0 , 0.69 , 0 , 0.89 , 0.9 , 951 , svt , 0.000937 , 0.69 , 0.3221988 , 0.0431375 , 0.000890643614 , 0.63 , 0.2811924 , 0.049698 , 0.000937 , 0.69 , 0.3221988 , 0.0431375 , 0.000961 , 0.70 , 0.3488273 , 0.0444399 , 
0 , 0.03125 , 15 , 1 , OFF , Array , 11 , 1 , 1 , 1 , 0 , 1 , 1 , 1 , 1 , 551 , MultiplierP_unq1 , MultiplierP , 358 , 31 , 30 , 557 , 0 , 551 , 0 , 556 , 0 , 0 , 0.72 , 0 , 0.944936244685184 , 0.9 , 389 , svt , 0.000783 , 0.72 , 0.2754227 , 0.0322738 , 0.00085748041 , 0.63 , 0.2713227 , 0.0483078 , 0.000783 , 0.72 , 0.2754227 , 0.0322738 , 0.000791 , 0.73 , 0.2944363 , 0.0340053 , 
0 , 0.03125 , 15 , 1 , OFF , Array , 11 , 1 , 1 , 1 , 0 , 1 , 1 , 1 , 1 , 547 , MultiplierP_unq1 , MultiplierP , 347 , 34 , 30 , 561 , 0 , 547 , 0 , 545 , 0 , 0 , 0.78 , 0 , 1.00326349047162 , 0.9 , 381 , svt , 0.000722 , 0.78 , 0.2486569 , 0.0267496 , 0.000836841611 , 0.62 , 0.2591947 , 0.0448425 , 0.000722 , 0.78 , 0.2486569 , 0.0267496 , 0.000738 , 0.77 , 0.2716076 , 0.0294013 , 
0 , 0.03125 , 15 , 1 , OFF , Array , 11 , 1 , 1 , 1 , 0 , 1 , 1 , 1 , 1 , 317 , MultiplierP_unq1 , MultiplierP , 294 , 33 , 30 , 317 , 0 , 317 , 0 , 317 , 0 , 0 , 1.24 , 0 , 20 , 0.9 , 327 , svt , 0.000539 , 1.24 , 0.2163468 , 0.0191385 , 0.000511383597 , 1.05 , 0.1831971 , 0.0214735 , 0.000539 , 1.24 , 0.2163468 , 0.0191385 , 0.000539 , 1.30 , 0.2235697 , 0.0191619 , 
0 , 0.03125 , 15 , 1 , OFF , Array , 11 , 1 , 1 , 1 , 0 , 1 , 1 , 1 , 1 , 317 , MultiplierP_unq1 , MultiplierP , 294 , 33 , 30 , 317 , 0 , 317 , 0 , 317 , 0 , 0 , 1.62 , 1 , 20 , 0.9 , 327 , svt , 0.000539 , 1.62 , 0.1753833 , 0.0142384 , 0.000511383597 , 1.38 , 0.148595 , 0.0159557 , 0.000539 , 1.62 , 0.1753833 , 0.0142384 , 0.000539 , 1.71 , 0.1811866 , 0.0142557 , 
0 , 0.03125 , 15 , 1 , OFF , Array , 11 , 1 , 1 , 1 , 0 , 1 , 1 , 1 , 1 , 317 , MultiplierP_unq1 , MultiplierP , 294 , 33 , 30 , 317 , 0 , 317 , 0 , 317 , 0 , 0 , 2.32 , 0 , 20 , 0.9 , 327 , svt , 0.000539 , 2.32 , 0.1393781 , 0.0104375 , 0.000511383597 , 1.98 , 0.118252 , 0.0116807 , 0.000539 , 2.32 , 0.1393781 , 0.0104375 , 0.000539 , 2.45 , 0.1439404 , 0.0104502 , 
1 , 0.09375 , 15 , 1 , OFF , OS1 , 11 , 1 , 1 , 1 , 0 , 1 , 1 , 1 , 1 , 299 , MultiplierP_unq1 , MultiplierP , 332 , 32 , 30 , 299 , 0 , 299 , 0 , 299 , 0 , 0 , 0.88 , 0 , 1.23587222305143 , 0.9 , 364 , svt , 0.000535 , 0.88 , 0.2021351 , 0.0204838 , 0.000505209595 , 0.73 , 0.164901 , 0.0226987 , 0.000535 , 0.88 , 0.2021351 , 0.0204838 , 0.000535 , 0.94 , 0.2064768 , 0.0205006 , 
1 , 0.09375 , 15 , 1 , OFF , OS1 , 11 , 1 , 1 , 1 , 0 , 1 , 1 , 1 , 1 , 299 , MultiplierP_unq1 , MultiplierP , 402 , 31 , 30 , 299 , 0 , 299 , 0 , 299 , 0 , 0 , 0.88 , 0 , 1.25365763799235 , 0.9 , 433 , svt , 0.000535 , 0.88 , 0.2024345 , 0.020486 , 0.000505209595 , 0.73 , 0.164901 , 0.0226987 , 0.000535 , 0.88 , 0.2024345 , 0.020486 , 0.000535 , 0.96 , 0.2066462 , 0.0204831 , 
1 , 0.09375 , 15 , 1 , OFF , OS1 , 11 , 1 , 1 , 1 , 0 , 1 , 1 , 1 , 1 , 299 , MultiplierP_unq1 , MultiplierP , 274 , 33 , 30 , 299 , 0 , 299 , 0 , 299 , 0 , 0 , 0.88 , 0 , 1.24770090788457 , 0.9 , 307 , svt , 0.000535 , 0.88 , 0.202517 , 0.0204838 , 0.000505209595 , 0.73 , 0.164901 , 0.0226987 , 0.000535 , 0.88 , 0.202517 , 0.0204838 , 0.000535 , 0.96 , 0.2068301 , 0.0204862 , 
1 , 0.09375 , 15 , 1 , OFF , OS1 , 11 , 1 , 1 , 1 , 0 , 1 , 1 , 1 , 1 , 299 , MultiplierP_unq1 , MultiplierP , 283 , 32 , 30 , 299 , 0 , 299 , 0 , 299 , 0 , 0 , 0.90 , 0 , 1.27777030349315 , 0.9 , 315 , svt , 0.000535 , 0.90 , 0.2018406 , 0.0204623 , 0.000505209595 , 0.73 , 0.164901 , 0.0226987 , 0.000535 , 0.90 , 0.2018406 , 0.0204623 , 0.000535 , 0.95 , 0.2068299 , 0.0204831 , 
1 , 0.09375 , 15 , 1 , OFF , OS1 , 11 , 1 , 1 , 1 , 0 , 1 , 1 , 1 , 1 , 299 , MultiplierP_unq1 , MultiplierP , 281 , 32 , 30 , 299 , 0 , 299 , 0 , 299 , 0 , 0 , 0.90 , 0 , 1.26565654921625 , 0.9 , 313 , svt , 0.000535 , 0.90 , 0.2019794 , 0.0204623 , 0.000505209595 , 0.73 , 0.164901 , 0.0226987 , 0.000535 , 0.90 , 0.2019794 , 0.0204623 , 0.000535 , 0.95 , 0.2071364 , 0.0204831 , 
1 , 0.09375 , 15 , 1 , OFF , OS1 , 11 , 1 , 1 , 1 , 0 , 1 , 1 , 1 , 1 , 299 , MultiplierP_unq1 , MultiplierP , 294 , 32 , 30 , 299 , 0 , 299 , 0 , 299 , 0 , 0 , 0.90 , 0 , 1.25964280651302 , 0.9 , 326 , svt , 0.000535 , 0.90 , 0.2021071 , 0.0204751 , 0.000505209595 , 0.73 , 0.164901 , 0.0226987 , 0.000535 , 0.90 , 0.2021071 , 0.0204751 , 0.000535 , 0.96 , 0.2072095 , 0.0204831 , 
1 , 0.09375 , 15 , 1 , OFF , OS1 , 11 , 1 , 1 , 1 , 0 , 1 , 1 , 1 , 1 , 299 , MultiplierP_unq1 , MultiplierP , 278 , 33 , 30 , 299 , 0 , 299 , 0 , 299 , 0 , 0 , 0.90 , 0 , 1.24177248106511 , 0.9 , 311 , svt , 0.000535 , 0.90 , 0.2024442 , 0.0204917 , 0.000505209595 , 0.73 , 0.164901 , 0.0226987 , 0.000535 , 0.90 , 0.2024442 , 0.0204917 , 0.000535 , 0.93 , 0.2083174 , 0.0205039 , 
1 , 0.09375 , 15 , 1 , OFF , OS1 , 11 , 1 , 1 , 1 , 0 , 1 , 1 , 1 , 1 , 299 , MultiplierP_unq1 , MultiplierP , 341 , 33 , 30 , 299 , 0 , 299 , 0 , 299 , 0 , 0 , 0.91 , 0 , 1.27169900251991 , 0.9 , 374 , svt , 0.000535 , 0.91 , 0.2018089 , 0.0204623 , 0.000505209595 , 0.73 , 0.164901 , 0.0226987 , 0.000535 , 0.91 , 0.2018089 , 0.0204623 , 0.000535 , 0.95 , 0.2066844 , 0.0204862 , 
1 , 0.09375 , 15 , 1 , OFF , OS1 , 11 , 1 , 1 , 1 , 0 , 1 , 1 , 1 , 1 , 299 , MultiplierP_unq1 , MultiplierP , 344 , 32 , 30 , 299 , 0 , 299 , 0 , 299 , 0 , 0 , 0.91 , 0 , 1.28387058985949 , 0.9 , 376 , svt , 0.000535 , 0.91 , 0.2022246 , 0.0204612 , 0.000505209595 , 0.73 , 0.164901 , 0.0226987 , 0.000535 , 0.91 , 0.2022246 , 0.0204612 , 0.000535 , 0.93 , 0.2070147 , 0.0204864 , 
1 , 0.09375 , 15 , 1 , OFF , OS1 , 11 , 1 , 1 , 1 , 0 , 1 , 1 , 1 , 1 , 259 , MultiplierP_unq1 , MultiplierP , 450 , 33 , 30 , 259 , 0 , 259 , 0 , 259 , 0 , 0 , 0.95 , 0 , 1000.01 , 0.9 , 483 , svt , 0.000519 , 0.95 , 0.2112301 , 0.0236819 , 0.000491097591 , 0.73 , 0.1758614 , 0.0266738 , 0.000519 , 0.95 , 0.2112301 , 0.0236819 , 0.000519 , 1.05 , 0.2168247 , 0.0236675 , 
1 , 0.09375 , 15 , 1 , OFF , OS1 , 11 , 1 , 1 , 1 , 0 , 1 , 1 , 1 , 1 , 297 , MultiplierP_unq1 , MultiplierP , 296 , 33 , 30 , 297 , 0 , 297 , 0 , 297 , 0 , 0 , 1.00 , 0 , 20 , 0.9 , 329 , svt , 0.000531 , 1.00 , 0.203677 , 0.0205336 , 0.000504503995 , 0.71 , 0.1652855 , 0.0228923 , 0.000531 , 1.00 , 0.203677 , 0.0205336 , 0.000531 , 1.04 , 0.207557 , 0.0205336 , 
1 , 0.09375 , 15 , 1 , OFF , OS1 , 11 , 1 , 1 , 1 , 0 , 1 , 1 , 1 , 1 , 259 , MultiplierP_unq1 , MultiplierP , 450 , 33 , 30 , 259 , 0 , 259 , 0 , 259 , 0 , 0 , 1.23 , 1 , 1000.01 , 0.9 , 483 , svt , 0.000519 , 1.23 , 0.1712538 , 0.0176111 , 0.000491097591 , 0.94 , 0.1427378 , 0.0198115 , 0.000519 , 1.23 , 0.1712538 , 0.0176111 , 0.000519 , 1.36 , 0.1757412 , 0.0176006 , 
1 , 0.09375 , 15 , 1 , OFF , OS1 , 11 , 1 , 1 , 1 , 0 , 1 , 1 , 1 , 1 , 259 , MultiplierP_unq1 , MultiplierP , 450 , 33 , 30 , 259 , 0 , 259 , 0 , 259 , 0 , 0 , 1.74 , 0 , 1000.01 , 0.9 , 483 , svt , 0.000519 , 1.74 , 0.136156 , 0.0129012 , 0.000491097591 , 1.34 , 0.1137157 , 0.0144941 , 0.000519 , 1.74 , 0.136156 , 0.0129012 , 0.000519 , 1.91 , 0.1396769 , 0.0128936 , 
2 , 0.15625 , 15 , 1 , OFF , Wallace , 11 , 1 , 1 , 1 , 0 , 1 , 1 , 1 , 1 , 588 , MultiplierP_unq1 , MultiplierP , 865 , 34 , 30 , 584 , 0 , 588 , 0 , 660 , 0 , 0 , 0.43 , 0 , 0.55 , 0.9 , 899 , svt , 0.000989 , 0.43 , 0.3345021 , 0.0477676 , 0.000961556416 , 0.37 , 0.2697259 , 0.0541072 , 0.000989 , 0.43 , 0.3345021 , 0.0477676 , 0.000994 , 0.43 , 0.3477855 , 0.046965 , 
2 , 0.15625 , 15 , 1 , OFF , Wallace , 11 , 1 , 1 , 1 , 0 , 1 , 1 , 1 , 1 , 531 , MultiplierP_unq1 , MultiplierP , 359 , 33 , 30 , 537 , 0 , 531 , 0 , 555 , 0 , 0 , 0.45 , 0 , 0.586739532466265 , 0.9 , 392 , svt , 0.000791 , 0.45 , 0.2674142 , 0.035177 , 0.000843192013 , 0.37 , 0.2472912 , 0.047934 , 0.000791 , 0.45 , 0.2674142 , 0.035177 , 0.000778 , 0.46 , 0.2809719 , 0.0332683 , 
2 , 0.15625 , 15 , 1 , OFF , Wallace , 11 , 1 , 1 , 1 , 0 , 1 , 1 , 1 , 1 , 449 , MultiplierP_unq1 , MultiplierP , 324 , 33 , 30 , 453 , 0 , 449 , 0 , 499 , 0 , 0 , 0.52 , 0 , 0.62593323447042 , 0.9 , 357 , svt , 0.000701 , 0.52 , 0.2307598 , 0.0292489 , 0.000720594011 , 0.38 , 0.2115855 , 0.0382827 , 0.000701 , 0.52 , 0.2307598 , 0.0292489 , 0.00073 , 0.49 , 0.2659558 , 0.0313178 , 
2 , 0.15625 , 15 , 1 , OFF , Wallace , 11 , 1 , 1 , 1 , 0 , 1 , 1 , 1 , 1 , 412 , MultiplierP_unq1 , MultiplierP , 342 , 32 , 30 , 412 , 0 , 412 , 0 , 422 , 0 , 0 , 0.54 , 0 , 0.667745042451401 , 0.9 , 374 , svt , 0.000649 , 0.54 , 0.221757 , 0.0249049 , 0.000660970809 , 0.41 , 0.2010162 , 0.0341486 , 0.000649 , 0.54 , 0.221757 , 0.0249049 , 0.000645 , 0.52 , 0.2390977 , 0.0258618 , 
2 , 0.15625 , 15 , 1 , OFF , Wallace , 11 , 1 , 1 , 1 , 0 , 1 , 1 , 1 , 1 , 357 , MultiplierP_unq1 , MultiplierP , 308 , 33 , 30 , 357 , 0 , 357 , 0 , 374 , 0 , 0 , 0.55 , 0 , 0.712349843662911 , 0.9 , 341 , svt , 0.0006 , 0.55 , 0.2184022 , 0.0252332 , 0.000597290403 , 0.44 , 0.1946285 , 0.0315221 , 0.0006 , 0.55 , 0.2184022 , 0.0252332 , 0.000604 , 0.56 , 0.237206 , 0.0249013 , 
2 , 0.15625 , 15 , 1 , OFF , Wallace , 11 , 1 , 1 , 1 , 0 , 1 , 1 , 1 , 1 , 330 , MultiplierP_unq1 , MultiplierP , 296 , 33 , 30 , 329 , 0 , 330 , 0 , 336 , 0 , 0 , 0.58 , 0 , 0.759934207678533 , 0.9 , 329 , svt , 0.000584 , 0.58 , 0.2137984 , 0.0250262 , 0.000537667199 , 0.47 , 0.1833666 , 0.0270677 , 0.000584 , 0.58 , 0.2137984 , 0.0250262 , 0.000572 , 0.59 , 0.2287814 , 0.0239985 , 
2 , 0.15625 , 15 , 1 , OFF , Wallace , 11 , 1 , 1 , 1 , 0 , 1 , 1 , 1 , 1 , 318 , MultiplierP_unq1 , MultiplierP , 294 , 34 , 30 , 318 , 0 , 318 , 0 , 316 , 0 , 0 , 0.80 , 0 , 20 , 0.9 , 328 , svt , 0.000543 , 0.80 , 0.2042501 , 0.0203165 , 0.000515087996 , 0.58 , 0.1675247 , 0.0227145 , 0.000543 , 0.80 , 0.2042501 , 0.0203165 , 0.000543 , 0.84 , 0.2083725 , 0.0203502 , 
2 , 0.15625 , 15 , 1 , OFF , Wallace , 11 , 1 , 1 , 1 , 0 , 1 , 1 , 1 , 1 , 280 , MultiplierP_unq1 , MultiplierP , 305 , 32 , 30 , 280 , 0 , 280 , 0 , 287 , 0 , 0 , 0.82 , 1 , 0.864851048358072 , 0.9 , 337 , svt , 0.000539 , 0.82 , 0.1693771 , 0.0184705 , 0.000511030792 , 0.69 , 0.1446822 , 0.0204808 , 0.000539 , 0.82 , 0.1693771 , 0.0184705 , 0.000539 , 0.85 , 0.1755383 , 0.0183515 , 
3 , 0.21875 , 15 , 1 , OFF , ZM , 11 , 1 , 1 , 1 , 0 , 1 , 1 , 1 , 1 , 309 , MultiplierP_unq1 , MultiplierP , 314 , 30 , 30 , 309 , 0 , 309 , 0 , 309 , 0 , 0 , 0.79 , 0 , 1.07891305940595 , 0.9 , 344 , svt , 0.000535 , 0.79 , 0.1964246 , 0.0196646 , 0.000508737596 , 0.64 , 0.1610481 , 0.0219602 , 0.000535 , 0.79 , 0.1964246 , 0.0196646 , 0.000535 , 0.82 , 0.2025645 , 0.0197951 , 
3 , 0.21875 , 15 , 1 , OFF , ZM , 11 , 1 , 1 , 1 , 0 , 1 , 1 , 1 , 1 , 309 , MultiplierP_unq1 , MultiplierP , 315 , 35 , 30 , 309 , 0 , 309 , 0 , 309 , 0 , 0 , 0.80 , 0 , 1.08489630840924 , 0.9 , 350 , svt , 0.000535 , 0.80 , 0.1969118 , 0.0197089 , 0.000508737596 , 0.64 , 0.1610481 , 0.0219602 , 0.000535 , 0.80 , 0.1969118 , 0.0197089 , 0.000535 , 0.80 , 0.2026361 , 0.0197945 , 
3 , 0.21875 , 15 , 1 , OFF , ZM , 11 , 1 , 1 , 1 , 0 , 1 , 1 , 1 , 1 , 309 , MultiplierP_unq1 , MultiplierP , 316 , 30 , 30 , 309 , 0 , 309 , 0 , 309 , 0 , 0 , 0.80 , 0 , 1.0969625330197 , 0.9 , 346 , svt , 0.000535 , 0.80 , 0.1969751 , 0.0197095 , 0.000508737596 , 0.64 , 0.1610481 , 0.0219602 , 0.000535 , 0.80 , 0.1969751 , 0.0197095 , 0.000535 , 0.83 , 0.2024543 , 0.019795 , 
3 , 0.21875 , 15 , 1 , OFF , ZM , 11 , 1 , 1 , 1 , 0 , 1 , 1 , 1 , 1 , 309 , MultiplierP_unq1 , MultiplierP , 315 , 34 , 30 , 309 , 0 , 309 , 0 , 309 , 0 , 0 , 0.80 , 0 , 1.08790036425859 , 0.9 , 349 , svt , 0.000535 , 0.80 , 0.1969951 , 0.0196807 , 0.000508737596 , 0.64 , 0.1610481 , 0.0219602 , 0.000535 , 0.80 , 0.1969951 , 0.0196807 , 0.000535 , 0.79 , 0.2025941 , 0.0198182 , 
3 , 0.21875 , 15 , 1 , OFF , ZM , 11 , 1 , 1 , 1 , 0 , 1 , 1 , 1 , 1 , 309 , MultiplierP_unq1 , MultiplierP , 306 , 34 , 30 , 309 , 0 , 309 , 0 , 309 , 0 , 0 , 0.80 , 0 , 1.07296280827383 , 0.9 , 340 , svt , 0.000535 , 0.80 , 0.1971839 , 0.0196983 , 0.000508737596 , 0.64 , 0.1610481 , 0.0219602 , 0.000535 , 0.80 , 0.1971839 , 0.0196983 , 0.000535 , 0.81 , 0.2020379 , 0.0198117 , 
3 , 0.21875 , 15 , 1 , OFF , ZM , 11 , 1 , 1 , 1 , 0 , 1 , 1 , 1 , 1 , 309 , MultiplierP_unq1 , MultiplierP , 314 , 32 , 30 , 309 , 0 , 309 , 0 , 309 , 0 , 0 , 0.80 , 0 , 1.07593382050362 , 0.9 , 346 , svt , 0.000535 , 0.80 , 0.1973264 , 0.0196811 , 0.000508737596 , 0.64 , 0.1610481 , 0.0219602 , 0.000535 , 0.80 , 0.1973264 , 0.0196811 , 0.000535 , 0.82 , 0.2040948 , 0.0198192 , 
3 , 0.21875 , 15 , 1 , OFF , ZM , 11 , 1 , 1 , 1 , 0 , 1 , 1 , 1 , 1 , 309 , MultiplierP_unq1 , MultiplierP , 311 , 33 , 30 , 309 , 0 , 309 , 0 , 309 , 0 , 0 , 0.81 , 0 , 1.0909127382776 , 0.9 , 344 , svt , 0.000535 , 0.81 , 0.1965423 , 0.0196346 , 0.000508737596 , 0.64 , 0.1610481 , 0.0219602 , 0.000535 , 0.81 , 0.1965423 , 0.0196346 , 0.000535 , 0.83 , 0.2025731 , 0.0197871 , 
3 , 0.21875 , 15 , 1 , OFF , ZM , 11 , 1 , 1 , 1 , 0 , 1 , 1 , 1 , 1 , 309 , MultiplierP_unq1 , MultiplierP , 309 , 34 , 30 , 309 , 0 , 309 , 0 , 309 , 0 , 0 , 0.81 , 0 , 1.0819005477603 , 0.9 , 343 , svt , 0.000535 , 0.81 , 0.1972709 , 0.019679 , 0.000508737596 , 0.64 , 0.1610481 , 0.0219602 , 0.000535 , 0.81 , 0.1972709 , 0.019679 , 0.000535 , 0.83 , 0.2033339 , 0.0199226 , 
3 , 0.21875 , 15 , 1 , OFF , ZM , 11 , 1 , 1 , 1 , 0 , 1 , 1 , 1 , 1 , 309 , MultiplierP_unq1 , MultiplierP , 291 , 33 , 30 , 309 , 0 , 309 , 0 , 309 , 0 , 0 , 0.82 , 0 , 1.09393345349909 , 0.9 , 324 , svt , 0.000535 , 0.82 , 0.1969898 , 0.0197239 , 0.000508737596 , 0.64 , 0.1610481 , 0.0219602 , 0.000535 , 0.82 , 0.1969898 , 0.0197239 , 0.000535 , 0.83 , 0.2039797 , 0.0198223 , 
3 , 0.21875 , 15 , 1 , OFF , ZM , 11 , 1 , 1 , 1 , 0 , 1 , 1 , 1 , 1 , 309 , MultiplierP_unq1 , MultiplierP , 831 , 32 , 30 , 309 , 0 , 309 , 0 , 309 , 0 , 0 , 0.82 , 0 , 1.1 , 0.9 , 863 , svt , 0.000535 , 0.82 , 0.1977373 , 0.0197015 , 0.000508737596 , 0.64 , 0.1610481 , 0.0219602 , 0.000535 , 0.82 , 0.1977373 , 0.0197015 , 0.000535 , 0.83 , 0.2039486 , 0.0198126 , 
3 , 0.21875 , 15 , 1 , OFF , ZM , 11 , 1 , 1 , 1 , 0 , 1 , 1 , 1 , 1 , 311 , MultiplierP_unq1 , MultiplierP , 313 , 33 , 30 , 311 , 0 , 311 , 0 , 311 , 0 , 0 , 0.84 , 0 , 20 , 0.9 , 346 , svt , 0.000539 , 0.84 , 0.2009232 , 0.0194189 , 0.000509443197 , 0.63 , 0.1606886 , 0.021741 , 0.000539 , 0.84 , 0.2009232 , 0.0194189 , 0.000539 , 0.89 , 0.2044541 , 0.0194189 , 
4 , 0.28125 , 15 , 2 , OFF , Array , 11 , 1 , 1 , 1 , 0 , 1 , 1 , 1 , 1 , 537 , MultiplierP_unq1 , MultiplierP , 858 , 31 , 30 , 532 , 0 , 537 , 0 , 575 , 0 , 0 , 0.44 , 0 , 0.56 , 0.9 , 889 , svt , 0.000803 , 0.44 , 0.3259883 , 0.0354372 , 0.000786920411 , 0.36 , 0.2757106 , 0.0418355 , 0.000803 , 0.44 , 0.3259883 , 0.0354372 , 0.00082 , 0.44 , 0.3520063 , 0.0364667 , 
5 , 0.34375 , 15 , 2 , OFF , OS1 , 11 , 1 , 1 , 1 , 0 , 1 , 1 , 1 , 1 , 423 , MultiplierP_unq1 , MultiplierP , 354 , 32 , 30 , 420 , 0 , 423 , 0 , 475 , 0 , 0 , 0.42 , 0 , 0.53536591471066 , 0.9 , 386 , svt , 0.000639 , 0.42 , 0.2573417 , 0.0258741 , 0.000619164011 , 0.34 , 0.2183488 , 0.0313341 , 0.000639 , 0.42 , 0.2573417 , 0.0258741 , 0.000694 , 0.42 , 0.2888862 , 0.0296902 , 
5 , 0.34375 , 15 , 2 , OFF , OS1 , 11 , 1 , 1 , 1 , 0 , 1 , 1 , 1 , 1 , 290 , MultiplierP_unq1 , MultiplierP , 298 , 32 , 30 , 288 , 0 , 290 , 0 , 273 , 0 , 0 , 1.10 , 0 , 20 , 0.9 , 330 , svt , 0.000486 , 1.10 , 0.2021979 , 0.0152291 , 0.0004581108 , 0.76 , 0.1614825 , 0.0202809 , 0.000486 , 1.10 , 0.2021979 , 0.0152291 , 0.000476 , 1.10 , 0.2096298 , 0.0150726 , 
8 , 0.53125 , 15 , 3 , OFF , Array , 11 , 1 , 1 , 1 , 0 , 1 , 1 , 1 , 1 , 1034 , MultiplierP_unq1 , MultiplierP , 1136 , 33 , 30 , 1022 , 0 , 1034 , 0 , 959 , 0 , 0 , 0.38 , 0 , 0.48 , 0.9 , 1169 , svt , 0.001415 , 0.38 , 0.3963528 , 0.0592138 , 0.001431309621 , 0.30 , 0.3275496 , 0.0689735 , 0.001415 , 0.38 , 0.3963528 , 0.0592138 , 0.001319 , 0.38 , 0.4157902 , 0.056246 , 
9 , 0.59375 , 15 , 3 , OFF , OS1 , 11 , 1 , 1 , 1 , 0 , 1 , 1 , 1 , 1 , 926 , MultiplierP_unq1 , MultiplierP , 432 , 32 , 30 , 900 , 0 , 926 , 0 , 840 , 0 , 0 , 0.41 , 0 , 0.522907604845331 , 0.9 , 464 , svt , 0.001152 , 0.41 , 0.3388267 , 0.0462614 , 0.001112554817 , 0.32 , 0.2767596 , 0.0530369 , 0.001152 , 0.41 , 0.3388267 , 0.0462614 , 0.001053 , 0.41 , 0.3544839 , 0.0439205 , 
9 , 0.59375 , 15 , 3 , OFF , OS1 , 11 , 1 , 1 , 1 , 0 , 1 , 1 , 1 , 1 , 734 , MultiplierP_unq1 , MultiplierP , 380 , 32 , 30 , 720 , 0 , 734 , 0 , 719 , 0 , 0 , 0.44 , 0 , 0.569650756677251 , 0.9 , 412 , svt , 0.00089 , 0.44 , 0.2773784 , 0.0323014 , 0.000876002416 , 0.35 , 0.2409806 , 0.0413486 , 0.00089 , 0.44 , 0.2773784 , 0.0323014 , 0.000873 , 0.45 , 0.3107942 , 0.0343045 , 
9 , 0.59375 , 15 , 3 , OFF , OS1 , 11 , 1 , 1 , 1 , 0 , 1 , 1 , 1 , 1 , 656 , MultiplierP_unq1 , MultiplierP , 361 , 30 , 30 , 635 , 0 , 656 , 0 , 579 , 0 , 0 , 0.48 , 0 , 0.620572318275899 , 0.9 , 391 , svt , 0.000774 , 0.48 , 0.2514608 , 0.026278 , 0.000735940813 , 0.38 , 0.2158377 , 0.0331996 , 0.000774 , 0.48 , 0.2514608 , 0.026278 , 0.000727 , 0.48 , 0.2693458 , 0.0266994 , 
10 , 0.65625 , 15 , 3 , OFF , Wallace , 11 , 1 , 1 , 1 , 0 , 1 , 1 , 1 , 1 , 908 , MultiplierP_unq1 , MultiplierP , 1084 , 32 , 30 , 904 , 0 , 908 , 0 , 808 , 0 , 0 , 0.39 , 0 , 0.49 , 0.9 , 1116 , svt , 0.001187 , 0.39 , 0.3484753 , 0.0478601 , 0.00121804202 , 0.31 , 0.3029668 , 0.0600841 , 0.001187 , 0.39 , 0.3484753 , 0.0478601 , 0.001139 , 0.39 , 0.384267 , 0.0488265 , 
10 , 0.65625 , 15 , 3 , OFF , Wallace , 11 , 1 , 1 , 1 , 0 , 1 , 1 , 1 , 1 , 814 , MultiplierP_unq1 , MultiplierP , 405 , 32 , 30 , 803 , 0 , 814 , 0 , 737 , 0 , 0 , 0.42 , 0 , 0.532701986570859 , 0.9 , 437 , svt , 0.000977 , 0.42 , 0.299089 , 0.0367971 , 0.000977079618 , 0.33 , 0.2590785 , 0.046202 , 0.000977 , 0.42 , 0.299089 , 0.0367971 , 0.000929 , 0.41 , 0.3166891 , 0.0370119 , 
10 , 0.65625 , 15 , 3 , OFF , Wallace , 11 , 1 , 1 , 1 , 0 , 1 , 1 , 1 , 1 , 707 , MultiplierP_unq1 , MultiplierP , 378 , 33 , 30 , 689 , 0 , 707 , 0 , 645 , 0 , 0 , 0.45 , 0 , 0.579125319380693 , 0.9 , 411 , svt , 0.00082 , 0.45 , 0.2570563 , 0.0288817 , 0.000787978814 , 0.36 , 0.2201858 , 0.0361842 , 0.00082 , 0.45 , 0.2570563 , 0.0288817 , 0.00078 , 0.45 , 0.2838424 , 0.0299441 , 
11 , 0.71875 , 15 , 3 , OFF , ZM , 11 , 1 , 1 , 1 , 0 , 1 , 1 , 1 , 1 , 1085 , MultiplierP_unq1 , MultiplierP , 1143 , 34 , 30 , 1096 , 0 , 1085 , 0 , 998 , 0 , 0 , 0.38 , 0 , 0.48 , 0.9 , 1177 , svt , 0.001457 , 0.38 , 0.4077715 , 0.0603157 , 0.001577898023 , 0.30 , 0.3584921 , 0.0802009 , 0.001457 , 0.38 , 0.4077715 , 0.0603157 , 0.001379 , 0.39 , 0.4419037 , 0.0608489 , 
11 , 0.71875 , 15 , 3 , OFF , ZM , 11 , 1 , 1 , 1 , 0 , 1 , 1 , 1 , 1 , 887 , MultiplierP_unq1 , MultiplierP , 445 , 32 , 30 , 879 , 0 , 887 , 0 , 821 , 0 , 0 , 0.42 , 0 , 0.532228680966686 , 0.9 , 477 , svt , 0.001133 , 0.42 , 0.3280125 , 0.0439957 , 0.001125079219 , 0.33 , 0.2810849 , 0.0542448 , 0.001133 , 0.42 , 0.3280125 , 0.0439957 , 0.001067 , 0.42 , 0.3600394 , 0.0449775 , 
11 , 0.71875 , 15 , 3 , OFF , ZM , 11 , 1 , 1 , 1 , 0 , 1 , 1 , 1 , 1 , 694 , MultiplierP_unq1 , MultiplierP , 372 , 33 , 30 , 680 , 0 , 694 , 0 , 630 , 0 , 0 , 0.45 , 0 , 0.578096671109262 , 0.9 , 405 , svt , 0.000832 , 0.45 , 0.2561677 , 0.0286563 , 0.000816732014 , 0.36 , 0.2277328 , 0.0374121 , 0.000832 , 0.45 , 0.2561677 , 0.0286563 , 0.000809 , 0.45 , 0.2916671 , 0.0316883 , 
12 , 0.78125 , 15 , 4 , OFF , Array , 11 , 1 , 1 , 1 , 0 , 1 , 1 , 1 , 1 , 1510 , MultiplierP_unq1 , MultiplierP , 1511 , 32 , 30 , 1377 , 0 , 1510 , 0 , 1396 , 0 , 0 , 0.38 , 0 , 0.47 , 0.9 , 1543 , svt , 0.002552 , 0.38 , 0.6276603 , 0.1193636 , 0.002069172027 , 0.30 , 0.4156015 , 0.1041956 , 0.002552 , 0.38 , 0.6276603 , 0.1193636 , 0.002222 , 0.39 , 0.5917757 , 0.103584 , 
12 , 0.78125 , 15 , 4 , OFF , Array , 11 , 1 , 1 , 1 , 0 , 1 , 1 , 1 , 1 , 1046 , MultiplierP_unq1 , MultiplierP , 429 , 31 , 30 , 982 , 0 , 1046 , 0 , 946 , 0 , 0 , 0.43 , 0 , 0.543736842306347 , 0.9 , 460 , svt , 0.001282 , 0.43 , 0.3376346 , 0.0476903 , 0.001215043218 , 0.34 , 0.2729233 , 0.0575302 , 0.001282 , 0.43 , 0.3376346 , 0.0476903 , 0.001219 , 0.44 , 0.3713262 , 0.0506608 , 
12 , 0.78125 , 15 , 4 , OFF , Array , 11 , 1 , 1 , 1 , 0 , 1 , 1 , 1 , 1 , 849 , MultiplierP_unq1 , MultiplierP , 385 , 31 , 30 , 811 , 0 , 849 , 0 , 761 , 0 , 0 , 0.48 , 0 , 0.615936986835994 , 0.9 , 416 , svt , 0.000958 , 0.48 , 0.277141 , 0.0315656 , 0.000882352814 , 0.38 , 0.2184413 , 0.0376493 , 0.000958 , 0.48 , 0.277141 , 0.0315656 , 0.000946 , 0.48 , 0.3085325 , 0.0352466 , 
12 , 0.78125 , 15 , 4 , OFF , Array , 11 , 1 , 1 , 1 , 0 , 1 , 1 , 1 , 1 , 820 , MultiplierP_unq1 , MultiplierP , 350 , 31 , 30 , 770 , 0 , 820 , 0 , 712 , 0 , 0 , 0.54 , 0 , 0.697724233920603 , 0.9 , 381 , svt , 0.000852 , 0.54 , 0.243681 , 0.0246525 , 0.000753757213 , 0.43 , 0.1869242 , 0.0287778 , 0.000852 , 0.54 , 0.243681 , 0.0246525 , 0.000821 , 0.54 , 0.2736431 , 0.0281929 , 
12 , 0.78125 , 15 , 4 , OFF , Array , 11 , 1 , 1 , 1 , 0 , 1 , 1 , 1 , 1 , 773 , MultiplierP_unq1 , MultiplierP , 351 , 33 , 30 , 740 , 0 , 773 , 0 , 673 , 0 , 0 , 0.61 , 0 , 0.790371607817924 , 0.9 , 384 , svt , 0.00079 , 0.61 , 0.2209169 , 0.0200213 , 0.000719359212 , 0.48 , 0.1751654 , 0.0266637 , 0.00079 , 0.61 , 0.2209169 , 0.0200213 , 0.000771 , 0.61 , 0.2592122 , 0.0234125 , 
12 , 0.78125 , 15 , 4 , OFF , Array , 11 , 1 , 1 , 1 , 0 , 1 , 1 , 1 , 1 , 742 , MultiplierP_unq1 , MultiplierP , 456 , 32 , 30 , 730 , 0 , 742 , 0 , 619 , 0 , 0 , 0.68 , 0 , 0.895321171423976 , 0.9 , 488 , svt , 0.000753 , 0.68 , 0.2102367 , 0.0175868 , 0.00070313041 , 0.55 , 0.1653796 , 0.0242494 , 0.000753 , 0.68 , 0.2102367 , 0.0175868 , 0.000703 , 0.69 , 0.2393978 , 0.0194688 , 
12 , 0.78125 , 15 , 4 , OFF , Array , 11 , 1 , 1 , 1 , 0 , 1 , 1 , 1 , 1 , 704 , MultiplierP_unq1 , MultiplierP , 337 , 33 , 30 , 707 , 0 , 704 , 0 , 575 , 0 , 0 , 0.80 , 0 , 1.01420647208353 , 0.9 , 370 , svt , 0.000734 , 0.80 , 0.2083495 , 0.0171793 , 0.000693075609 , 0.62 , 0.1666958 , 0.0242969 , 0.000734 , 0.80 , 0.2083495 , 0.0171793 , 0.000666 , 0.79 , 0.2286968 , 0.0176229 , 
12 , 0.78125 , 15 , 4 , OFF , Array , 11 , 1 , 1 , 1 , 0 , 1 , 1 , 1 , 1 , 656 , MultiplierP_unq1 , MultiplierP , 328 , 33 , 30 , 651 , 0 , 656 , 0 , 522 , 0 , 0 , 0.89 , 0 , 1.14887796786949 , 0.9 , 361 , svt , 0.000716 , 0.89 , 0.2097615 , 0.0183326 , 0.000679669205 , 0.69 , 0.1703789 , 0.0255362 , 0.000716 , 0.89 , 0.2097615 , 0.0183326 , 0.000648 , 0.89 , 0.2244413 , 0.0177222 , 
12 , 0.78125 , 15 , 4 , OFF , Array , 11 , 1 , 1 , 1 , 0 , 1 , 1 , 1 , 1 , 633 , MultiplierP_unq1 , MultiplierP , 327 , 33 , 30 , 637 , 0 , 633 , 0 , 526 , 0 , 0 , 1.00 , 0 , 1.3014318300931 , 0.9 , 360 , svt , 0.000703 , 1.00 , 0.211831 , 0.0186177 , 0.000670849202 , 0.80 , 0.1684954 , 0.0255818 , 0.000703 , 1.00 , 0.211831 , 0.0186177 , 0.000642 , 1.01 , 0.2269514 , 0.0171898 , 
12 , 0.78125 , 15 , 4 , OFF , Array , 11 , 1 , 1 , 1 , 0 , 1 , 1 , 1 , 1 , 633 , MultiplierP_unq1 , MultiplierP , 318 , 33 , 30 , 640 , 0 , 633 , 0 , 503 , 0 , 0 , 1.14 , 0 , 1.47424257035791 , 0.9 , 351 , svt , 0.000703 , 1.14 , 0.2090838 , 0.0174304 , 0.000666262802 , 0.90 , 0.1677475 , 0.0250013 , 0.000703 , 1.14 , 0.2090838 , 0.0174304 , 0.000629 , 1.13 , 0.2234431 , 0.0158241 , 
12 , 0.78125 , 15 , 4 , OFF , Array , 11 , 1 , 1 , 1 , 0 , 1 , 1 , 1 , 1 , 638 , MultiplierP_unq1 , MultiplierP , 389 , 32 , 30 , 647 , 0 , 638 , 0 , 488 , 0 , 0 , 1.28 , 0 , 40 , 0.9 , 421 , svt , 0.000697 , 1.28 , 0.210633 , 0.016822 , 0.000666792003 , 0.81 , 0.1687166 , 0.0251011 , 0.000697 , 1.28 , 0.210633 , 0.016822 , 0.000617 , 1.37 , 0.2201457 , 0.0156781 , 
12 , 0.78125 , 15 , 4 , OFF , Array , 11 , 1 , 1 , 1 , 0 , 1 , 1 , 1 , 1 , 638 , MultiplierP_unq1 , MultiplierP , 389 , 32 , 30 , 647 , 0 , 638 , 0 , 488 , 0 , 0 , 1.67 , 1 , 40 , 0.9 , 421 , svt , 0.000697 , 1.67 , 0.170392 , 0.0125392 , 0.000666792003 , 1.05 , 0.1366665 , 0.0186446 , 0.000697 , 1.67 , 0.170392 , 0.0125392 , 0.000617 , 1.80 , 0.1780454 , 0.0116852 , 
12 , 0.78125 , 15 , 4 , OFF , Array , 11 , 1 , 1 , 1 , 0 , 1 , 1 , 1 , 1 , 638 , MultiplierP_unq1 , MultiplierP , 389 , 32 , 30 , 647 , 0 , 638 , 0 , 488 , 0 , 0 , 2.38 , 0 , 40 , 0.9 , 421 , svt , 0.000697 , 2.38 , 0.1350426 , 0.0092124 , 0.000666792003 , 1.51 , 0.1086224 , 0.0136451 , 0.000697 , 2.38 , 0.1350426 , 0.0092124 , 0.000617 , 2.58 , 0.1410541 , 0.0085845 , 
13 , 0.84375 , 15 , 4 , OFF , Wallace , 11 , 1 , 1 , 1 , 0 , 1 , 1 , 1 , 1 , 1297 , MultiplierP_unq1 , MultiplierP , 1176 , 32 , 30 , 1257 , 0 , 1297 , 0 , 1176 , 0 , 0 , 0.39 , 0 , 0.49 , 0.9 , 1208 , svt , 0.00186 , 0.39 , 0.4681595 , 0.0791462 , 0.001633993224 , 0.30 , 0.3443832 , 0.0778671 , 0.00186 , 0.39 , 0.4681595 , 0.0791462 , 0.001644 , 0.39 , 0.4628248 , 0.071484 , 
13 , 0.84375 , 15 , 4 , OFF , Wallace , 11 , 1 , 1 , 1 , 0 , 1 , 1 , 1 , 1 , 1006 , MultiplierP_unq1 , MultiplierP , 414 , 32 , 30 , 923 , 0 , 1006 , 0 , 874 , 0 , 0 , 0.44 , 0 , 0.563717840642402 , 0.9 , 446 , svt , 0.001212 , 0.44 , 0.3254992 , 0.0455621 , 0.001083978018 , 0.35 , 0.2550878 , 0.0496174 , 0.001212 , 0.44 , 0.3254992 , 0.0455621 , 0.001117 , 0.46 , 0.3579872 , 0.046656 , 
13 , 0.84375 , 15 , 4 , OFF , Wallace , 11 , 1 , 1 , 1 , 0 , 1 , 1 , 1 , 1 , 836 , MultiplierP_unq1 , MultiplierP , 369 , 33 , 30 , 783 , 0 , 836 , 0 , 720 , 0 , 0 , 0.50 , 0 , 0.648526130323536 , 0.9 , 402 , svt , 0.000895 , 0.50 , 0.2595873 , 0.027798 , 0.000829432813 , 0.40 , 0.2111438 , 0.0354928 , 0.000895 , 0.50 , 0.2595873 , 0.027798 , 0.000876 , 0.52 , 0.2904856 , 0.0321778 , 
13 , 0.84375 , 15 , 4 , OFF , Wallace , 11 , 1 , 1 , 1 , 0 , 1 , 1 , 1 , 1 , 781 , MultiplierP_unq1 , MultiplierP , 342 , 32 , 30 , 753 , 0 , 781 , 0 , 668 , 0 , 0 , 0.58 , 0 , 0.746093366910524 , 0.9 , 374 , svt , 0.000814 , 0.58 , 0.2306971 , 0.0216363 , 0.000728355612 , 0.45 , 0.1811237 , 0.0280117 , 0.000814 , 0.58 , 0.2306971 , 0.0216363 , 0.000784 , 0.58 , 0.2580904 , 0.0247471 , 
13 , 0.84375 , 15 , 4 , OFF , Wallace , 11 , 1 , 1 , 1 , 0 , 1 , 1 , 1 , 1 , 757 , MultiplierP_unq1 , MultiplierP , 343 , 32 , 30 , 733 , 0 , 757 , 0 , 643 , 0 , 0 , 0.66 , 0 , 0.858339064719224 , 0.9 , 375 , svt , 0.000765 , 0.66 , 0.21475 , 0.0184031 , 0.000708069611 , 0.52 , 0.1683674 , 0.0250123 , 0.000765 , 0.66 , 0.21475 , 0.0184031 , 0.000728 , 0.66 , 0.2422394 , 0.0208268 , 
13 , 0.84375 , 15 , 4 , OFF , Wallace , 11 , 1 , 1 , 1 , 0 , 1 , 1 , 1 , 1 , 721 , MultiplierP_unq1 , MultiplierP , 322 , 32 , 30 , 725 , 0 , 721 , 0 , 597 , 0 , 0 , 0.76 , 0 , 0.987471518576612 , 0.9 , 354 , svt , 0.000734 , 0.76 , 0.2036013 , 0.015919 , 0.00070136641 , 0.60 , 0.1666604 , 0.0237453 , 0.000734 , 0.76 , 0.2036013 , 0.015919 , 0.000685 , 0.76 , 0.2273669 , 0.0167818 , 
13 , 0.84375 , 15 , 4 , OFF , Wallace , 11 , 1 , 1 , 1 , 0 , 1 , 1 , 1 , 1 , 647 , MultiplierP_unq1 , MultiplierP , 329 , 33 , 30 , 649 , 0 , 647 , 0 , 512 , 0 , 0 , 0.89 , 0 , 1.13603124928139 , 0.9 , 362 , svt , 0.000716 , 0.89 , 0.2067172 , 0.0180254 , 0.000677905205 , 0.70 , 0.1696148 , 0.0254885 , 0.000716 , 0.89 , 0.2067172 , 0.0180254 , 0.000648 , 0.88 , 0.2273752 , 0.0178141 , 
13 , 0.84375 , 15 , 4 , OFF , Wallace , 11 , 1 , 1 , 1 , 0 , 1 , 1 , 1 , 1 , 633 , MultiplierP_unq1 , MultiplierP , 330 , 32 , 30 , 638 , 0 , 633 , 0 , 520 , 0 , 0 , 1.00 , 0 , 1.30694098519836 , 0.9 , 362 , svt , 0.000703 , 1.00 , 0.2104878 , 0.0181357 , 0.000669438002 , 0.80 , 0.1694294 , 0.025297 , 0.000703 , 1.00 , 0.2104878 , 0.0181357 , 0.000635 , 1.00 , 0.2252224 , 0.0167976 , 
13 , 0.84375 , 15 , 4 , OFF , Wallace , 11 , 1 , 1 , 1 , 0 , 1 , 1 , 1 , 1 , 664 , MultiplierP_unq1 , MultiplierP , 330 , 32 , 30 , 671 , 0 , 664 , 0 , 528 , 0 , 0 , 1.16 , 0 , 1.50356316331239 , 0.9 , 362 , svt , 0.00071 , 1.16 , 0.2044923 , 0.0155433 , 0.000674553605 , 0.92 , 0.1649633 , 0.0235104 , 0.00071 , 1.16 , 0.2044923 , 0.0155433 , 0.000629 , 1.14 , 0.2193984 , 0.0151075 , 
13 , 0.84375 , 15 , 4 , OFF , Wallace , 11 , 1 , 1 , 1 , 0 , 1 , 1 , 1 , 1 , 633 , MultiplierP_unq1 , MultiplierP , 330 , 32 , 30 , 638 , 0 , 633 , 0 , 520 , 0 , 0 , 1.30 , 1 , 1.30694098519836 , 0.9 , 362 , svt , 0.000703 , 1.30 , 0.1702955 , 0.0135087 , 0.000669438002 , 1.05 , 0.1372382 , 0.018788 , 0.000703 , 1.30 , 0.1702955 , 0.0135087 , 0.000635 , 1.30 , 0.1821454 , 0.0125104 , 
13 , 0.84375 , 15 , 4 , OFF , Wallace , 11 , 1 , 1 , 1 , 0 , 1 , 1 , 1 , 1 , 666 , MultiplierP_unq1 , MultiplierP , 316 , 32 , 30 , 677 , 0 , 666 , 0 , 519 , 0 , 0 , 1.30 , 0 , 1.72976608100392 , 0.9 , 348 , svt , 0.00071 , 1.30 , 0.2046376 , 0.0150533 , 0.000674377205 , 1.02 , 0.1634855 , 0.022979 , 0.00071 , 1.30 , 0.2046376 , 0.0150533 , 0.000629 , 1.30 , 0.2155793 , 0.014612 , 
13 , 0.84375 , 15 , 4 , OFF , Wallace , 11 , 1 , 1 , 1 , 0 , 1 , 1 , 1 , 1 , 665 , MultiplierP_unq1 , MultiplierP , 319 , 33 , 30 , 680 , 0 , 665 , 0 , 515 , 0 , 0 , 1.52 , 0 , 20 , 0.9 , 352 , svt , 0.00071 , 1.52 , 0.2049056 , 0.0147023 , 0.000676494006 , 1.06 , 0.1640683 , 0.0237516 , 0.00071 , 1.52 , 0.2049056 , 0.0147023 , 0.000623 , 1.66 , 0.215807 , 0.0136904 , 
13 , 0.84375 , 15 , 4 , OFF , Wallace , 11 , 1 , 1 , 1 , 0 , 1 , 1 , 1 , 1 , 666 , MultiplierP_unq1 , MultiplierP , 316 , 32 , 30 , 677 , 0 , 666 , 0 , 519 , 0 , 0 , 1.70 , 1 , 1.72976608100392 , 0.9 , 348 , svt , 0.00071 , 1.70 , 0.1655394 , 0.0112271 , 0.000674377205 , 1.34 , 0.1322495 , 0.0170649 , 0.00071 , 1.70 , 0.1655394 , 0.0112271 , 0.000629 , 1.71 , 0.1743412 , 0.0108936 , 
13 , 0.84375 , 15 , 4 , OFF , Wallace , 11 , 1 , 1 , 1 , 0 , 1 , 1 , 1 , 1 , 665 , MultiplierP_unq1 , MultiplierP , 319 , 33 , 30 , 680 , 0 , 665 , 0 , 515 , 0 , 0 , 1.99 , 1 , 20 , 0.9 , 352 , svt , 0.00071 , 1.99 , 0.1656948 , 0.0109672 , 0.000676494006 , 1.40 , 0.1326591 , 0.0176248 , 0.00071 , 1.99 , 0.1656948 , 0.0109672 , 0.000623 , 2.19 , 0.1744958 , 0.0102092 , 
13 , 0.84375 , 15 , 4 , OFF , Wallace , 11 , 1 , 1 , 1 , 0 , 1 , 1 , 1 , 1 , 665 , MultiplierP_unq1 , MultiplierP , 319 , 33 , 30 , 680 , 0 , 665 , 0 , 515 , 0 , 0 , 2.87 , 0 , 20 , 0.9 , 352 , svt , 0.00071 , 2.87 , 0.1312309 , 0.0080656 , 0.000676494006 , 2.01 , 0.1052617 , 0.0128851 , 0.00071 , 2.87 , 0.1312309 , 0.0080656 , 0.000623 , 3.14 , 0.1381682 , 0.0075062 , 
14 , 0.90625 , 15 , NA , ON , NA , 11 , 1 , 1 , 1 , 0 , 1 , 1 , 1 , 1 , 371 , MultiplierP_unq1 , MultiplierP , 254 , 30 , 30 , 308 , 0 , 371 , 0 , 371 , 0 , 0 , 0.43 , 0 , 0.541508529542096 , 0.9 , 284 , svt , 0.000635 , 0.43 , 0.2656639 , 0.027316 , 0.000592174802 , 0.34 , 0.2177782 , 0.0335506 , 0.000635 , 0.43 , 0.2656639 , 0.027316 , 0.000635 , 0.43 , 0.2659739 , 0.0274676 , 
14 , 0.90625 , 15 , NA , ON , NA , 11 , 1 , 1 , 1 , 0 , 1 , 1 , 1 , 1 , 246 , MultiplierP_unq1 , MultiplierP , 219 , 31 , 30 , 228 , 0 , 246 , 0 , 246 , 0 , 0 , 0.57 , 0 , 0.744983221287567 , 0.9 , 250 , svt , 0.000504 , 0.57 , 0.2216029 , 0.0196713 , 0.000444880796 , 0.45 , 0.1772136 , 0.024068 , 0.000504 , 0.57 , 0.2216029 , 0.0196713 , 0.000504 , 0.58 , 0.2211604 , 0.0196507 , 
