TOP.DesignIndex,TOP.Color,TOP.DesignCount,TOP.top_MultiplierP.MultiplierP.BoothType,TOP.top_MultiplierP.MultiplierP.Designware_MODE,TOP.top_MultiplierP.MultiplierP.TreeType,TOP.top_MultiplierP.MultiplierP.Width,STAT_Comp_Good,STAT_Mapped_Timing_Good,STAT_Optimized_Timing_Good,STAT_Pareto,STAT_Routed_Timing_Good,STAT_Run_Good,STAT_Synthesis_Good,STAT_Timing_Good,INFO_Comb_Cell_Count,INFO_DESIGN,INFO_DESIGN_NAME,INFO_EvalTime,INFO_GenTime,INFO_IO2CORE,INFO_Mapped_Comb_Cell_Count,INFO_Mapped_Seq_Cell_Count,INFO_Optimized_Comb_Cell_Count,INFO_Optimized_Seq_Cell_Count,INFO_Routed_Comb_Cell_Count,INFO_Routed_Seq_Cell_Count,INFO_Seq_Cell_Count,INFO_Suggest_Delay,INFO_TARGET,INFO_TARGET_DELAY,INFO_TARGET_VOLTAGE,INFO_TotalRunTime,INFO_VT,COST_Area,COST_Delay,COST_Dyn_Energy,COST_Leak_Power,COST_Mapped_Area,COST_Mapped_Delay,COST_Mapped_Dyn_Energy,COST_Mapped_Leak_Power,COST_Optimized_Area,COST_Optimized_Delay,COST_Optimized_Dyn_Energy,COST_Optimized_Leak_Power,COST_Routed_Area,COST_Routed_Delay,COST_Routed_Dyn_Energy,COST_Routed_Leak_Power,
4 , 0.28125 , 15 , 2 , OFF , Array , 16 , 1 , 1 , 1 , 1 , 1 , 1 , 1 , 1 , 662 , MultiplierP_unq1 , MultiplierP , 371 , 32 , 30 , 662 , 0 , 662 , 0 , 626 , 0 , 0 , 1.06 , 0 , 1.42395346516105 , 0.9 , 403 , svt , 0.00114 , 1.06 , 0.5376279 , 0.0352534 , 0.001076392801 , 0.86 , 0.4571086 , 0.0454131 , 0.00114 , 1.06 , 0.5376279 , 0.0352534 , 0.001118 , 1.09 , 0.5588486 , 0.0353037 , 
4 , 0.28125 , 15 , 2 , OFF , Array , 16 , 1 , 1 , 1 , 1 , 1 , 1 , 1 , 1 , 660 , MultiplierP_unq1 , MultiplierP , 476 , 32 , 30 , 660 , 0 , 660 , 0 , 625 , 0 , 0 , 1.12 , 0 , 1.51881684661479 , 0.9 , 508 , svt , 0.001133 , 1.12 , 0.5354818 , 0.0352313 , 0.001074805201 , 0.91 , 0.4579737 , 0.0456055 , 0.001133 , 1.12 , 0.5354818 , 0.0352313 , 0.001111 , 1.17 , 0.5635201 , 0.0351751 , 
4 , 0.28125 , 15 , 2 , OFF , Array , 16 , 1 , 1 , 1 , 1 , 1 , 1 , 1 , 1 , 578 , MultiplierP_unq1 , MultiplierP , 380 , 33 , 30 , 566 , 0 , 578 , 0 , 544 , 0 , 0 , 1.25 , 1 , 1.25163177218776 , 0.9 , 413 , svt , 0.001111 , 1.25 , 0.4714202 , 0.0328083 , 0.001051343992 , 1.00 , 0.4172938 , 0.0418798 , 0.001111 , 1.25 , 0.4714202 , 0.0328083 , 0.001096 , 1.25 , 0.4878933 , 0.0330034 , 
5 , 0.34375 , 15 , 2 , OFF , OS1 , 16 , 1 , 1 , 1 , 1 , 1 , 1 , 1 , 1 , 1015 , MultiplierP_unq1 , MultiplierP , 1102 , 33 , 30 , 1022 , 0 , 1015 , 0 , 1091 , 0 , 0 , 0.49 , 0 , 0.63 , 0.9 , 1135 , svt , 0.001541 , 0.49 , 0.6853637 , 0.0645834 , 0.001595538031 , 0.40 , 0.6213735 , 0.0849002 , 0.001541 , 0.49 , 0.6853637 , 0.0645834 , 0.001622 , 0.50 , 0.7460482 , 0.0703036 , 
5 , 0.34375 , 15 , 2 , OFF , OS1 , 16 , 1 , 1 , 1 , 1 , 1 , 1 , 1 , 1 , 855 , MultiplierP_unq1 , MultiplierP , 449 , 33 , 30 , 851 , 0 , 855 , 0 , 896 , 0 , 0 , 0.52 , 0 , 0.673042482160747 , 0.9 , 482 , svt , 0.00135 , 0.52 , 0.6079331 , 0.0523697 , 0.001331996423 , 0.41 , 0.5339172 , 0.0682549 , 0.00135 , 0.52 , 0.6079331 , 0.0523697 , 0.00142 , 0.53 , 0.662308 , 0.0596217 , 
5 , 0.34375 , 15 , 2 , OFF , OS1 , 16 , 1 , 1 , 1 , 1 , 1 , 1 , 1 , 1 , 792 , MultiplierP_unq1 , MultiplierP , 436 , 33 , 30 , 788 , 0 , 792 , 0 , 821 , 0 , 0 , 0.56 , 0 , 0.719025686973173 , 0.9 , 469 , svt , 0.001296 , 0.56 , 0.5930062 , 0.0512719 , 0.001259672415 , 0.44 , 0.5231831 , 0.0661131 , 0.001296 , 0.56 , 0.5930062 , 0.0512719 , 0.001327 , 0.56 , 0.6257202 , 0.0538706 , 
5 , 0.34375 , 15 , 2 , OFF , OS1 , 16 , 1 , 1 , 1 , 1 , 1 , 1 , 1 , 1 , 700 , MultiplierP_unq1 , MultiplierP , 476 , 34 , 30 , 695 , 0 , 700 , 0 , 714 , 0 , 0 , 0.59 , 0 , 0.768150528726604 , 0.9 , 510 , svt , 0.001203 , 0.59 , 0.5554141 , 0.0455787 , 0.001144483207 , 0.47 , 0.4751919 , 0.0575407 , 0.001203 , 0.59 , 0.5554141 , 0.0455787 , 0.001241 , 0.60 , 0.5949053 , 0.050074 , 
5 , 0.34375 , 15 , 2 , OFF , OS1 , 16 , 1 , 1 , 1 , 1 , 1 , 1 , 1 , 1 , 598 , MultiplierP_unq1 , MultiplierP , 415 , 34 , 30 , 593 , 0 , 598 , 0 , 636 , 0 , 0 , 0.63 , 0 , 0.820631648455942 , 0.9 , 449 , svt , 0.00114 , 0.63 , 0.5404731 , 0.0443797 , 0.001067925595 , 0.50 , 0.4606179 , 0.0554815 , 0.00114 , 0.63 , 0.5404731 , 0.0443797 , 0.001164 , 0.64 , 0.5711942 , 0.0456304 , 
5 , 0.34375 , 15 , 2 , OFF , OS1 , 16 , 1 , 1 , 1 , 1 , 1 , 1 , 1 , 1 , 559 , MultiplierP_unq1 , MultiplierP , 370 , 34 , 30 , 555 , 0 , 559 , 0 , 581 , 0 , 0 , 0.67 , 0 , 0.876698351772147 , 0.9 , 404 , svt , 0.001111 , 0.67 , 0.5447865 , 0.0450122 , 0.001040230791 , 0.54 , 0.4552102 , 0.0549545 , 0.001111 , 0.67 , 0.5447865 , 0.0450122 , 0.001126 , 0.67 , 0.5610165 , 0.0453466 , 
5 , 0.34375 , 15 , 2 , OFF , OS1 , 16 , 1 , 1 , 1 , 1 , 1 , 1 , 1 , 1 , 623 , MultiplierP_unq1 , MultiplierP , 396 , 33 , 30 , 623 , 0 , 623 , 0 , 610 , 0 , 0 , 0.71 , 0 , 0.936595610766606 , 0.9 , 429 , svt , 0.001133 , 0.71 , 0.512764 , 0.0385649 , 0.001070747998 , 0.58 , 0.4289949 , 0.0483128 , 0.001133 , 0.71 , 0.512764 , 0.0385649 , 0.001133 , 0.72 , 0.5333544 , 0.0390439 , 
5 , 0.34375 , 15 , 2 , OFF , OS1 , 16 , 1 , 1 , 1 , 1 , 1 , 1 , 1 , 1 , 625 , MultiplierP_unq1 , MultiplierP , 448 , 36 , 30 , 625 , 0 , 625 , 0 , 608 , 0 , 0 , 0.76 , 0 , 1.00058513436701 , 0.9 , 484 , svt , 0.001125 , 0.76 , 0.5078932 , 0.0376302 , 0.001069513198 , 0.61 , 0.427549 , 0.0479886 , 0.001125 , 0.76 , 0.5078932 , 0.0376302 , 0.001125 , 0.77 , 0.5304189 , 0.0385771 , 
5 , 0.34375 , 15 , 2 , OFF , OS1 , 16 , 1 , 1 , 1 , 1 , 1 , 1 , 1 , 1 , 625 , MultiplierP_unq1 , MultiplierP , 447 , 36 , 30 , 625 , 0 , 625 , 0 , 592 , 0 , 0 , 0.80 , 0 , 1.06894651182146 , 0.9 , 483 , svt , 0.001126 , 0.80 , 0.5115766 , 0.0371777 , 0.001062457199 , 0.62 , 0.4247928 , 0.0474464 , 0.001126 , 0.80 , 0.5115766 , 0.0371777 , 0.001111 , 0.82 , 0.5295867 , 0.0375073 , 
5 , 0.34375 , 15 , 2 , OFF , OS1 , 16 , 1 , 1 , 1 , 1 , 1 , 1 , 1 , 1 , 625 , MultiplierP_unq1 , MultiplierP , 447 , 35 , 30 , 625 , 0 , 625 , 0 , 591 , 0 , 0 , 0.84 , 0 , 1.14197843430696 , 0.9 , 482 , svt , 0.001118 , 0.84 , 0.5115701 , 0.0369817 , 0.001062457199 , 0.67 , 0.4245233 , 0.0474464 , 0.001118 , 0.84 , 0.5115701 , 0.0369817 , 0.001103 , 0.88 , 0.5242185 , 0.0370141 , 
5 , 0.34375 , 15 , 2 , OFF , OS1 , 16 , 1 , 1 , 1 , 1 , 1 , 1 , 1 , 1 , 627 , MultiplierP_unq1 , MultiplierP , 332 , 32 , 30 , 627 , 0 , 627 , 0 , 593 , 0 , 0 , 0.94 , 0 , 20 , 0.9 , 364 , svt , 0.001126 , 0.94 , 0.5166974 , 0.0367702 , 0.001063162799 , 0.67 , 0.4237766 , 0.0471952 , 0.001126 , 0.94 , 0.5166974 , 0.0367702 , 0.001103 , 1.15 , 0.5274628 , 0.0365484 , 
5 , 0.34375 , 15 , 2 , OFF , OS1 , 16 , 1 , 1 , 1 , 1 , 1 , 1 , 1 , 1 , 625 , MultiplierP_unq1 , MultiplierP , 447 , 36 , 30 , 625 , 0 , 625 , 0 , 592 , 0 , 0 , 1.04 , 1 , 1.06894651182146 , 0.9 , 483 , svt , 0.001126 , 1.04 , 0.4146381 , 0.0277111 , 0.001062457199 , 0.82 , 0.3444618 , 0.0352942 , 0.001126 , 1.04 , 0.4146381 , 0.0277111 , 0.001111 , 1.06 , 0.429267 , 0.0279522 , 
5 , 0.34375 , 15 , 2 , OFF , OS1 , 16 , 1 , 1 , 1 , 1 , 1 , 1 , 1 , 1 , 625 , MultiplierP_unq1 , MultiplierP , 447 , 35 , 30 , 625 , 0 , 625 , 0 , 591 , 0 , 0 , 1.10 , 1 , 1.14197843430696 , 0.9 , 482 , svt , 0.001118 , 1.10 , 0.4145879 , 0.0275657 , 0.001062457199 , 0.87 , 0.3442432 , 0.0352943 , 0.001118 , 1.10 , 0.4145879 , 0.0275657 , 0.001103 , 1.14 , 0.4248054 , 0.0275862 , 
5 , 0.34375 , 15 , 2 , OFF , OS1 , 16 , 1 , 1 , 1 , 1 , 1 , 1 , 1 , 1 , 627 , MultiplierP_unq1 , MultiplierP , 332 , 32 , 30 , 627 , 0 , 627 , 0 , 593 , 0 , 0 , 1.22 , 1 , 20 , 0.9 , 364 , svt , 0.001126 , 1.22 , 0.418729 , 0.0274092 , 0.001063162799 , 0.88 , 0.3436173 , 0.0351083 , 0.001126 , 1.22 , 0.418729 , 0.0274092 , 0.001103 , 1.50 , 0.4273678 , 0.0272426 , 
5 , 0.34375 , 15 , 2 , OFF , OS1 , 16 , 1 , 1 , 1 , 1 , 1 , 1 , 1 , 1 , 627 , MultiplierP_unq1 , MultiplierP , 332 , 32 , 30 , 627 , 0 , 627 , 0 , 593 , 0 , 0 , 1.75 , 0 , 20 , 0.9 , 364 , svt , 0.001126 , 1.75 , 0.3324559 , 0.0201351 , 0.001063162799 , 1.26 , 0.2732762 , 0.0257331 , 0.001126 , 1.75 , 0.3324559 , 0.0201351 , 0.001103 , 2.14 , 0.3392421 , 0.0200117 , 
6 , 0.40625 , 15 , 2 , OFF , Wallace , 16 , 1 , 1 , 1 , 1 , 1 , 1 , 1 , 1 , 969 , MultiplierP_unq1 , MultiplierP , 1106 , 35 , 30 , 971 , 0 , 969 , 0 , 1020 , 0 , 0 , 0.49 , 0 , 0.63 , 0.9 , 1141 , svt , 0.001509 , 0.49 , 0.6902934 , 0.063013 , 0.001475762423 , 0.40 , 0.5969686 , 0.0776428 , 0.001509 , 0.49 , 0.6902934 , 0.063013 , 0.001582 , 0.49 , 0.7389948 , 0.0695771 , 
6 , 0.40625 , 15 , 2 , OFF , Wallace , 16 , 1 , 1 , 1 , 1 , 1 , 1 , 1 , 1 , 811 , MultiplierP_unq1 , MultiplierP , 391 , 33 , 30 , 825 , 0 , 811 , 0 , 842 , 0 , 0 , 0.52 , 0 , 0.666712798931856 , 0.9 , 424 , svt , 0.001322 , 0.52 , 0.6023122 , 0.0526544 , 0.001357750819 , 0.41 , 0.5495775 , 0.0704401 , 0.001322 , 0.52 , 0.6023122 , 0.0526544 , 0.001379 , 0.54 , 0.6471648 , 0.0581408 , 
6 , 0.40625 , 15 , 2 , OFF , Wallace , 16 , 1 , 1 , 1 , 1 , 1 , 1 , 1 , 1 , 742 , MultiplierP_unq1 , MultiplierP , 437 , 31 , 30 , 750 , 0 , 742 , 0 , 794 , 0 , 0 , 0.55 , 0 , 0.705565009935794 , 0.9 , 468 , svt , 0.001257 , 0.55 , 0.580454 , 0.049252 , 0.001235505614 , 0.43 , 0.5212631 , 0.0650047 , 0.001257 , 0.55 , 0.580454 , 0.049252 , 0.001319 , 0.55 , 0.6244526 , 0.0542939 , 
6 , 0.40625 , 15 , 2 , OFF , Wallace , 16 , 1 , 1 , 1 , 1 , 1 , 1 , 1 , 1 , 620 , MultiplierP_unq1 , MultiplierP , 477 , 35 , 30 , 624 , 0 , 620 , 0 , 680 , 0 , 0 , 0.58 , 0 , 0.746681305718533 , 0.9 , 512 , svt , 0.001195 , 0.58 , 0.564687 , 0.0487958 , 0.001164945598 , 0.46 , 0.4990285 , 0.0626706 , 0.001195 , 0.58 , 0.564687 , 0.0487958 , 0.001241 , 0.58 , 0.6121017 , 0.0517472 , 
6 , 0.40625 , 15 , 2 , OFF , Wallace , 16 , 1 , 1 , 1 , 1 , 1 , 1 , 1 , 1 , 582 , MultiplierP_unq1 , MultiplierP , 468 , 34 , 30 , 578 , 0 , 582 , 0 , 650 , 0 , 0 , 0.61 , 0 , 0.790193624199518 , 0.9 , 502 , svt , 0.001148 , 0.61 , 0.5507205 , 0.0474459 , 0.001082037593 , 0.48 , 0.4745248 , 0.058178 , 0.001148 , 0.61 , 0.5507205 , 0.0474459 , 0.001187 , 0.61 , 0.5937643 , 0.0495181 , 
6 , 0.40625 , 15 , 2 , OFF , Wallace , 16 , 1 , 1 , 1 , 1 , 1 , 1 , 1 , 1 , 560 , MultiplierP_unq1 , MultiplierP , 372 , 32 , 30 , 560 , 0 , 560 , 0 , 572 , 0 , 0 , 0.65 , 0 , 0.836241591885981 , 0.9 , 404 , svt , 0.001125 , 0.65 , 0.5378624 , 0.0456497 , 0.001052578791 , 0.51 , 0.4595436 , 0.056167 , 0.001125 , 0.65 , 0.5378624 , 0.0456497 , 0.001125 , 0.65 , 0.5609268 , 0.0455806 , 
6 , 0.40625 , 15 , 2 , OFF , Wallace , 16 , 1 , 1 , 1 , 1 , 1 , 1 , 1 , 1 , 547 , MultiplierP_unq1 , MultiplierP , 363 , 32 , 30 , 546 , 0 , 547 , 0 , 565 , 0 , 0 , 0.69 , 0 , 0.884972971919895 , 0.9 , 395 , svt , 0.001103 , 0.69 , 0.5292375 , 0.0444854 , 0.001034938791 , 0.54 , 0.4540803 , 0.0551574 , 0.001103 , 0.69 , 0.5292375 , 0.0444854 , 0.001118 , 0.68 , 0.5584588 , 0.0447354 , 
6 , 0.40625 , 15 , 2 , OFF , Wallace , 16 , 1 , 1 , 1 , 1 , 1 , 1 , 1 , 1 , 618 , MultiplierP_unq1 , MultiplierP , 364 , 33 , 30 , 618 , 0 , 618 , 0 , 642 , 0 , 0 , 0.69 , 0 , 0.936544138234534 , 0.9 , 397 , svt , 0.001126 , 0.69 , 0.5133077 , 0.0381981 , 0.001064221198 , 0.57 , 0.4283184 , 0.0477122 , 0.001126 , 0.69 , 0.5133077 , 0.0381981 , 0.00114 , 0.72 , 0.5374835 , 0.038237 , 
6 , 0.40625 , 15 , 2 , OFF , Wallace , 16 , 1 , 1 , 1 , 1 , 1 , 1 , 1 , 1 , 620 , MultiplierP_unq1 , MultiplierP , 361 , 33 , 30 , 620 , 0 , 620 , 0 , 595 , 0 , 0 , 0.74 , 0 , 0.991120577342174 , 0.9 , 394 , svt , 0.001118 , 0.74 , 0.5083583 , 0.0375118 , 0.001060163998 , 0.60 , 0.4249312 , 0.0472394 , 0.001118 , 0.74 , 0.5083583 , 0.0375118 , 0.001111 , 0.75 , 0.5289405 , 0.0377651 , 
6 , 0.40625 , 15 , 2 , OFF , Wallace , 16 , 1 , 1 , 1 , 1 , 1 , 1 , 1 , 1 , 620 , MultiplierP_unq1 , MultiplierP , 392 , 32 , 30 , 620 , 0 , 620 , 0 , 586 , 0 , 0 , 0.79 , 0 , 1.04887741936311 , 0.9 , 424 , svt , 0.001118 , 0.79 , 0.5075493 , 0.0372582 , 0.001063691998 , 0.63 , 0.4282898 , 0.047687 , 0.001118 , 0.79 , 0.5075493 , 0.0372582 , 0.001103 , 0.81 , 0.5239046 , 0.0373441 , 
6 , 0.40625 , 15 , 2 , OFF , Wallace , 16 , 1 , 1 , 1 , 1 , 1 , 1 , 1 , 1 , 621 , MultiplierP_unq1 , MultiplierP , 337 , 34 , 30 , 620 , 0 , 621 , 0 , 584 , 0 , 0 , 0.84 , 0 , 20 , 0.9 , 371 , svt , 0.001118 , 0.84 , 0.5125025 , 0.0371357 , 0.001060163998 , 0.66 , 0.424369 , 0.0470869 , 0.001118 , 0.84 , 0.5125025 , 0.0371357 , 0.001096 , 0.96 , 0.5282079 , 0.0369761 , 
6 , 0.40625 , 15 , 2 , OFF , Wallace , 16 , 1 , 1 , 1 , 1 , 1 , 1 , 1 , 1 , 620 , MultiplierP_unq1 , MultiplierP , 361 , 33 , 30 , 620 , 0 , 620 , 0 , 595 , 0 , 0 , 0.98 , 1 , 0.991120577342174 , 0.9 , 394 , svt , 0.001118 , 0.98 , 0.4121224 , 0.0279585 , 0.001060163998 , 0.79 , 0.344606 , 0.0351453 , 0.001118 , 0.98 , 0.4121224 , 0.0279585 , 0.001111 , 0.98 , 0.4287549 , 0.0281446 , 
6 , 0.40625 , 15 , 2 , OFF , Wallace , 16 , 1 , 1 , 1 , 1 , 1 , 1 , 1 , 1 , 621 , MultiplierP_unq1 , MultiplierP , 337 , 34 , 30 , 620 , 0 , 621 , 0 , 584 , 0 , 0 , 1.11 , 1 , 20 , 0.9 , 371 , svt , 0.001118 , 1.11 , 0.4153472 , 0.0276801 , 0.001060163998 , 0.86 , 0.3441155 , 0.0350325 , 0.001118 , 1.11 , 0.4153472 , 0.0276801 , 0.001096 , 1.26 , 0.4279821 , 0.0275593 , 
6 , 0.40625 , 15 , 2 , OFF , Wallace , 16 , 1 , 1 , 1 , 1 , 1 , 1 , 1 , 1 , 621 , MultiplierP_unq1 , MultiplierP , 337 , 34 , 30 , 620 , 0 , 621 , 0 , 584 , 0 , 0 , 1.59 , 0 , 20 , 0.9 , 371 , svt , 0.001118 , 1.59 , 0.3298177 , 0.0203324 , 0.001060163998 , 1.24 , 0.2736992 , 0.0256809 , 0.001118 , 1.59 , 0.3298177 , 0.0203324 , 0.001096 , 1.80 , 0.339756 , 0.0202423 , 
7 , 0.46875 , 15 , 2 , OFF , ZM , 16 , 1 , 1 , 1 , 1 , 1 , 1 , 1 , 1 , 692 , MultiplierP_unq1 , MultiplierP , 379 , 33 , 30 , 691 , 0 , 692 , 0 , 693 , 0 , 0 , 0.66 , 0 , 0.853164496013267 , 0.9 , 412 , svt , 0.001195 , 0.66 , 0.5651727 , 0.0448035 , 0.001173765607 , 0.52 , 0.516494 , 0.0609446 , 0.001195 , 0.66 , 0.5651727 , 0.0448035 , 0.001218 , 0.66 , 0.5946442 , 0.0472978 , 
7 , 0.46875 , 15 , 2 , OFF , ZM , 16 , 1 , 1 , 1 , 1 , 1 , 1 , 1 , 1 , 660 , MultiplierP_unq1 , MultiplierP , 373 , 33 , 30 , 662 , 0 , 660 , 0 , 654 , 0 , 0 , 0.70 , 0 , 0.915715717834602 , 0.9 , 406 , svt , 0.001164 , 0.70 , 0.5467552 , 0.0427109 , 0.001121904004 , 0.56 , 0.4885907 , 0.0570388 , 0.001164 , 0.70 , 0.5467552 , 0.0427109 , 0.001179 , 0.71 , 0.581604 , 0.0449098 , 
7 , 0.46875 , 15 , 2 , OFF , ZM , 16 , 1 , 1 , 1 , 1 , 1 , 1 , 1 , 1 , 584 , MultiplierP_unq1 , MultiplierP , 407 , 34 , 30 , 583 , 0 , 584 , 0 , 615 , 0 , 0 , 0.76 , 0 , 0.982852990024449 , 0.9 , 441 , svt , 0.001133 , 0.76 , 0.5494233 , 0.0441579 , 0.001067396395 , 0.60 , 0.4745591 , 0.0557851 , 0.001133 , 0.76 , 0.5494233 , 0.0441579 , 0.001148 , 0.76 , 0.581868 , 0.044916 , 
7 , 0.46875 , 15 , 2 , OFF , ZM , 16 , 1 , 1 , 1 , 1 , 1 , 1 , 1 , 1 , 562 , MultiplierP_unq1 , MultiplierP , 360 , 33 , 30 , 560 , 0 , 562 , 0 , 566 , 0 , 0 , 0.81 , 0 , 1.0549125467501 , 0.9 , 393 , svt , 0.001111 , 0.81 , 0.5427661 , 0.0435389 , 0.001047815992 , 0.64 , 0.4716028 , 0.0559892 , 0.001111 , 0.81 , 0.5427661 , 0.0435389 , 0.001118 , 0.82 , 0.5703007 , 0.044201 , 
7 , 0.46875 , 15 , 2 , OFF , ZM , 16 , 1 , 1 , 1 , 1 , 1 , 1 , 1 , 1 , 560 , MultiplierP_unq1 , MultiplierP , 357 , 33 , 30 , 560 , 0 , 560 , 0 , 548 , 0 , 0 , 0.85 , 0 , 1.13225527376491 , 0.9 , 390 , svt , 0.001103 , 0.85 , 0.5427332 , 0.0429923 , 0.001041818392 , 0.69 , 0.4651898 , 0.0551251 , 0.001103 , 0.85 , 0.5427332 , 0.0429923 , 0.001103 , 0.87 , 0.5611224 , 0.0438395 , 
7 , 0.46875 , 15 , 2 , OFF , ZM , 16 , 1 , 1 , 1 , 1 , 1 , 1 , 1 , 1 , 631 , MultiplierP_unq1 , MultiplierP , 448 , 36 , 30 , 631 , 0 , 631 , 0 , 620 , 0 , 0 , 0.92 , 0 , 1.21526851578165 , 0.9 , 484 , svt , 0.001126 , 0.92 , 0.524083 , 0.0370922 , 0.001071982799 , 0.74 , 0.4374394 , 0.0478683 , 0.001126 , 0.92 , 0.524083 , 0.0370922 , 0.001118 , 0.93 , 0.54445 , 0.0369886 , 
7 , 0.46875 , 15 , 2 , OFF , ZM , 16 , 1 , 1 , 1 , 1 , 1 , 1 , 1 , 1 , 629 , MultiplierP_unq1 , MultiplierP , 450 , 33 , 30 , 629 , 0 , 629 , 0 , 604 , 0 , 0 , 0.99 , 0 , 1.3043680163567 , 0.9 , 483 , svt , 0.001126 , 0.99 , 0.5221267 , 0.0368681 , 0.001067925599 , 0.79 , 0.4348708 , 0.0475741 , 0.001126 , 0.99 , 0.5221267 , 0.0368681 , 0.001111 , 0.99 , 0.5336255 , 0.0367106 , 
7 , 0.46875 , 15 , 2 , OFF , ZM , 16 , 1 , 1 , 1 , 1 , 1 , 1 , 1 , 1 , 625 , MultiplierP_unq1 , MultiplierP , 338 , 34 , 30 , 625 , 0 , 625 , 0 , 592 , 0 , 0 , 1.07 , 0 , 20 , 0.9 , 372 , svt , 0.001118 , 1.07 , 0.5272081 , 0.0368955 , 0.001062457199 , 0.87 , 0.434076 , 0.0474191 , 0.001118 , 1.07 , 0.5272081 , 0.0368955 , 0.001103 , 1.19 , 0.5466533 , 0.0367269 , 
7 , 0.46875 , 15 , 2 , OFF , ZM , 16 , 1 , 1 , 1 , 1 , 1 , 1 , 1 , 1 , 560 , MultiplierP_unq1 , MultiplierP , 357 , 33 , 30 , 560 , 0 , 560 , 0 , 548 , 0 , 0 , 1.11 , 1 , 1.13225527376491 , 0.9 , 390 , svt , 0.001103 , 1.11 , 0.4400645 , 0.0320219 , 0.001041818392 , 0.90 , 0.3773564 , 0.0409776 , 0.001103 , 1.11 , 0.4400645 , 0.0320219 , 0.001103 , 1.13 , 0.4549809 , 0.0326489 , 
7 , 0.46875 , 15 , 2 , OFF , ZM , 16 , 1 , 1 , 1 , 1 , 1 , 1 , 1 , 1 , 631 , MultiplierP_unq1 , MultiplierP , 448 , 36 , 30 , 631 , 0 , 631 , 0 , 620 , 0 , 0 , 1.20 , 1 , 1.21526851578165 , 0.9 , 484 , svt , 0.001126 , 1.20 , 0.4248066 , 0.0276479 , 0.001071982799 , 0.97 , 0.3547372 , 0.0356081 , 0.001126 , 1.20 , 0.4248066 , 0.0276479 , 0.001118 , 1.21 , 0.4412365 , 0.0275691 , 
7 , 0.46875 , 15 , 2 , OFF , ZM , 16 , 1 , 1 , 1 , 1 , 1 , 1 , 1 , 1 , 629 , MultiplierP_unq1 , MultiplierP , 450 , 33 , 30 , 629 , 0 , 629 , 0 , 604 , 0 , 0 , 1.30 , 1 , 1.3043680163567 , 0.9 , 483 , svt , 0.001126 , 1.30 , 0.4232169 , 0.027483 , 0.001067925599 , 1.04 , 0.3526512 , 0.0353905 , 0.001126 , 1.30 , 0.4232169 , 0.027483 , 0.001111 , 1.29 , 0.4324648 , 0.0273648 , 
7 , 0.46875 , 15 , 2 , OFF , ZM , 16 , 1 , 1 , 1 , 1 , 1 , 1 , 1 , 1 , 625 , MultiplierP_unq1 , MultiplierP , 338 , 34 , 30 , 625 , 0 , 625 , 0 , 592 , 0 , 0 , 1.40 , 1 , 20 , 0.9 , 372 , svt , 0.001118 , 1.40 , 0.427292 , 0.0275036 , 0.001062457199 , 1.15 , 0.3520038 , 0.0352754 , 0.001118 , 1.40 , 0.427292 , 0.0275036 , 0.001103 , 1.56 , 0.4429522 , 0.0273764 , 
7 , 0.46875 , 15 , 2 , OFF , ZM , 16 , 1 , 1 , 1 , 1 , 1 , 1 , 1 , 1 , 625 , MultiplierP_unq1 , MultiplierP , 338 , 34 , 30 , 625 , 0 , 625 , 0 , 592 , 0 , 0 , 2.01 , 0 , 20 , 0.9 , 372 , svt , 0.001118 , 2.01 , 0.3392969 , 0.0202051 , 0.001062457199 , 1.65 , 0.2799751 , 0.0258559 , 0.001118 , 2.01 , 0.3392969 , 0.0202051 , 0.001103 , 2.23 , 0.3516223 , 0.0201105 , 
8 , 0.53125 , 15 , 3 , OFF , Array , 16 , 1 , 1 , 1 , 1 , 1 , 1 , 1 , 1 , 922 , MultiplierP_unq1 , MultiplierP , 396 , 33 , 30 , 922 , 0 , 922 , 0 , 713 , 0 , 0 , 2.41 , 0 , 40 , 0.9 , 429 , svt , 0.00116 , 2.41 , 0.3109789 , 0.0179921 , 0.001099501207 , 1.45 , 0.2658828 , 0.0261774 , 0.00116 , 2.41 , 0.3109789 , 0.0179921 , 0.001046 , 2.72 , 0.3250602 , 0.0172046 , 
9 , 0.59375 , 15 , 3 , OFF , OS1 , 16 , 1 , 1 , 1 , 1 , 1 , 1 , 1 , 1 , 1229 , MultiplierP_unq1 , MultiplierP , 431 , 34 , 30 , 1209 , 0 , 1229 , 0 , 1054 , 0 , 0 , 0.66 , 0 , 0.841449964776335 , 0.9 , 465 , svt , 0.00146 , 0.66 , 0.5424391 , 0.0459918 , 0.001409259624 , 0.52 , 0.4700137 , 0.0626767 , 0.00146 , 0.66 , 0.5424391 , 0.0459918 , 0.001411 , 0.66 , 0.6008931 , 0.0515102 , 
9 , 0.59375 , 15 , 3 , OFF , OS1 , 16 , 1 , 1 , 1 , 1 , 1 , 1 , 1 , 1 , 959 , MultiplierP_unq1 , MultiplierP , 344 , 32 , 30 , 959 , 0 , 959 , 0 , 784 , 0 , 0 , 2.38 , 0 , 20 , 0.9 , 376 , svt , 0.001176 , 2.38 , 0.292501 , 0.0160297 , 0.001115024411 , 1.69 , 0.2355423 , 0.0219545 , 0.001176 , 2.38 , 0.292501 , 0.0160297 , 0.001079 , 2.89 , 0.306972 , 0.0153406 , 
10 , 0.65625 , 15 , 3 , OFF , Wallace , 16 , 1 , 1 , 1 , 1 , 1 , 1 , 1 , 1 , 2027 , MultiplierP_unq1 , MultiplierP , 1548 , 35 , 30 , 2008 , 0 , 2027 , 0 , 1931 , 0 , 0 , 0.49 , 0 , 0.62 , 0.9 , 1583 , svt , 0.002751 , 0.49 , 0.9258792 , 0.1158092 , 0.002634357638 , 0.40 , 0.7413875 , 0.1292412 , 0.002751 , 0.49 , 0.9258792 , 0.1158092 , 0.002709 , 0.50 , 1.0300 , 0.1246985 , 
10 , 0.65625 , 15 , 3 , OFF , Wallace , 16 , 1 , 1 , 1 , 1 , 1 , 1 , 1 , 1 , 1171 , MultiplierP_unq1 , MultiplierP , 546 , 34 , 30 , 1161 , 0 , 1171 , 0 , 1047 , 0 , 0 , 0.62 , 0 , 0.796663635631521 , 0.9 , 580 , svt , 0.001411 , 0.62 , 0.5444313 , 0.0466562 , 0.001352106022 , 0.49 , 0.4562196 , 0.0599763 , 0.001411 , 0.62 , 0.5444313 , 0.0466562 , 0.001371 , 0.62 , 0.6023049 , 0.0508109 , 
10 , 0.65625 , 15 , 3 , OFF , Wallace , 16 , 1 , 1 , 1 , 1 , 1 , 1 , 1 , 1 , 1035 , MultiplierP_unq1 , MultiplierP , 391 , 34 , 30 , 1009 , 0 , 1035 , 0 , 886 , 0 , 0 , 0.67 , 0 , 0.866102772206979 , 0.9 , 425 , svt , 0.001257 , 0.67 , 0.5024728 , 0.0405748 , 0.001206928815 , 0.53 , 0.4399558 , 0.0552971 , 0.001257 , 0.67 , 0.5024728 , 0.0405748 , 0.0012 , 0.71 , 0.5648688 , 0.0441478 , 
10 , 0.65625 , 15 , 3 , OFF , Wallace , 16 , 1 , 1 , 1 , 1 , 1 , 1 , 1 , 1 , 961 , MultiplierP_unq1 , MultiplierP , 382 , 33 , 30 , 936 , 0 , 961 , 0 , 847 , 0 , 0 , 0.73 , 0 , 0.941594392506667 , 0.9 , 415 , svt , 0.001209 , 0.73 , 0.4799601 , 0.0378249 , 0.001122962409 , 0.58 , 0.4022213 , 0.05068 , 0.001209 , 0.73 , 0.4799601 , 0.0378249 , 0.001152 , 0.74 , 0.5341771 , 0.0399959 , 
10 , 0.65625 , 15 , 3 , OFF , Wallace , 16 , 1 , 1 , 1 , 1 , 1 , 1 , 1 , 1 , 948 , MultiplierP_unq1 , MultiplierP , 361 , 33 , 30 , 908 , 0 , 948 , 0 , 808 , 0 , 0 , 0.79 , 0 , 1.02366604570586 , 0.9 , 394 , svt , 0.001192 , 0.79 , 0.4765358 , 0.0370848 , 0.001102852806 , 0.62 , 0.3961708 , 0.0500536 , 0.001192 , 0.79 , 0.4765358 , 0.0370848 , 0.001111 , 0.79 , 0.5076087 , 0.0362125 , 
10 , 0.65625 , 15 , 3 , OFF , Wallace , 16 , 1 , 1 , 1 , 1 , 1 , 1 , 1 , 1 , 929 , MultiplierP_unq1 , MultiplierP , 359 , 33 , 30 , 907 , 0 , 929 , 0 , 763 , 0 , 0 , 0.85 , 0 , 1.11289126344669 , 0.9 , 392 , svt , 0.001176 , 0.85 , 0.460328 , 0.034844 , 0.001096149606 , 0.67 , 0.3922194 , 0.0487963 , 0.001176 , 0.85 , 0.460328 , 0.034844 , 0.001079 , 0.86 , 0.4858146 , 0.033662 , 
10 , 0.65625 , 15 , 3 , OFF , Wallace , 16 , 1 , 1 , 1 , 1 , 1 , 1 , 1 , 1 , 978 , MultiplierP_unq1 , MultiplierP , 348 , 32 , 30 , 954 , 0 , 978 , 0 , 813 , 0 , 0 , 0.92 , 0 , 1.20989356778164 , 0.9 , 380 , svt , 0.001192 , 0.92 , 0.4482204 , 0.0302853 , 0.00111290761 , 0.73 , 0.3658524 , 0.0404499 , 0.001192 , 0.92 , 0.4482204 , 0.0302853 , 0.001103 , 0.93 , 0.4829812 , 0.0307052 , 
10 , 0.65625 , 15 , 3 , OFF , Wallace , 16 , 1 , 1 , 1 , 1 , 1 , 1 , 1 , 1 , 976 , MultiplierP_unq1 , MultiplierP , 391 , 31 , 30 , 968 , 0 , 976 , 0 , 804 , 0 , 0 , 1.00 , 0 , 1.31535082845899 , 0.9 , 422 , svt , 0.001184 , 1.00 , 0.4441113 , 0.0289567 , 0.001118552412 , 0.72 , 0.3548462 , 0.0373246 , 0.001184 , 1.00 , 0.4441113 , 0.0289567 , 0.001095 , 1.01 , 0.4667415 , 0.0285435 , 
10 , 0.65625 , 15 , 3 , OFF , Wallace , 16 , 1 , 1 , 1 , 1 , 1 , 1 , 1 , 1 , 978 , MultiplierP_unq1 , MultiplierP , 348 , 32 , 30 , 954 , 0 , 978 , 0 , 813 , 0 , 0 , 1.20 , 1 , 1.20989356778164 , 0.9 , 380 , svt , 0.001192 , 1.20 , 0.3630541 , 0.0225935 , 0.00111290761 , 0.96 , 0.29664 , 0.0300958 , 0.001192 , 1.20 , 0.3630541 , 0.0225935 , 0.001103 , 1.21 , 0.3910954 , 0.02289 , 
10 , 0.65625 , 15 , 3 , OFF , Wallace , 16 , 1 , 1 , 1 , 1 , 1 , 1 , 1 , 1 , 976 , MultiplierP_unq1 , MultiplierP , 391 , 31 , 30 , 968 , 0 , 976 , 0 , 804 , 0 , 0 , 1.31 , 1 , 1.31535082845899 , 0.9 , 422 , svt , 0.001184 , 1.31 , 0.3596299 , 0.0216074 , 0.001118552412 , 0.95 , 0.2877079 , 0.0277812 , 0.001184 , 1.31 , 0.3596299 , 0.0216074 , 0.001095 , 1.32 , 0.3778637 , 0.0212901 , 
10 , 0.65625 , 15 , 3 , OFF , Wallace , 16 , 1 , 1 , 1 , 1 , 1 , 1 , 1 , 1 , 907 , MultiplierP_unq1 , MultiplierP , 378 , 32 , 30 , 907 , 0 , 907 , 0 , 698 , 0 , 0 , 1.43 , 1 , 40 , 0.9 , 410 , svt , 0.00116 , 1.43 , 0.3776394 , 0.024853 , 0.001096149606 , 0.88 , 0.3175458 , 0.036021 , 0.00116 , 1.43 , 0.3776394 , 0.024853 , 0.001038 , 1.64 , 0.3883195 , 0.0237602 , 
10 , 0.65625 , 15 , 3 , OFF , Wallace , 16 , 1 , 1 , 1 , 1 , 1 , 1 , 1 , 1 , 907 , MultiplierP_unq1 , MultiplierP , 378 , 32 , 30 , 907 , 0 , 907 , 0 , 698 , 0 , 0 , 2.04 , 0 , 40 , 0.9 , 410 , svt , 0.00116 , 2.04 , 0.2998201 , 0.0182615 , 0.001096149606 , 1.26 , 0.2526785 , 0.0263857 , 0.00116 , 2.04 , 0.2998201 , 0.0182615 , 0.001038 , 2.35 , 0.308193 , 0.0174551 , 
11 , 0.71875 , 15 , 3 , OFF , ZM , 16 , 1 , 1 , 1 , 1 , 1 , 1 , 1 , 1 , 967 , MultiplierP_unq1 , MultiplierP , 353 , 33 , 30 , 967 , 0 , 967 , 0 , 778 , 0 , 0 , 1.62 , 1 , 20 , 0.9 , 386 , svt , 0.001184 , 1.62 , 0.3686246 , 0.0214145 , 0.001118199611 , 1.03 , 0.2983329 , 0.0299178 , 0.001184 , 1.62 , 0.3686246 , 0.0214145 , 0.001079 , 1.75 , 0.3885155 , 0.0204184 , 
11 , 0.71875 , 15 , 3 , OFF , ZM , 16 , 1 , 1 , 1 , 1 , 1 , 1 , 1 , 1 , 967 , MultiplierP_unq1 , MultiplierP , 353 , 33 , 30 , 967 , 0 , 967 , 0 , 778 , 0 , 0 , 2.33 , 0 , 20 , 0.9 , 386 , svt , 0.001184 , 2.33 , 0.2924245 , 0.0157552 , 0.001118199611 , 1.47 , 0.2371844 , 0.0219295 , 0.001184 , 2.33 , 0.2924245 , 0.0157552 , 0.001079 , 2.50 , 0.3080568 , 0.0150199 , 
14 , 0.90625 , 15 , NA , ON , NA , 16 , 1 , 1 , 1 , 1 , 1 , 1 , 1 , 1 , 750 , MultiplierP_unq1 , MultiplierP , 609 , 30 , 30 , 666 , 0 , 750 , 0 , 753 , 0 , 0 , 0.48 , 0 , 0.61 , 0.9 , 639 , svt , 0.001434 , 0.48 , 0.6848906 , 0.0686655 , 0.001369393208 , 0.40 , 0.5965457 , 0.0826816 , 0.001434 , 0.48 , 0.6848906 , 0.0686655 , 0.001434 , 0.48 , 0.6883625 , 0.0689758 , 
14 , 0.90625 , 15 , NA , ON , NA , 16 , 1 , 1 , 1 , 1 , 1 , 1 , 1 , 1 , 653 , MultiplierP_unq1 , MultiplierP , 270 , 31 , 30 , 606 , 0 , 653 , 0 , 653 , 0 , 0 , 0.51 , 0 , 0.655894374465248 , 0.9 , 301 , svt , 0.001324 , 0.51 , 0.6359731 , 0.0605444 , 0.0012609072 , 0.40 , 0.5486443 , 0.0748166 , 0.001324 , 0.51 , 0.6359731 , 0.0605444 , 0.001324 , 0.51 , 0.6358034 , 0.0605477 , 
14 , 0.90625 , 15 , NA , ON , NA , 16 , 1 , 1 , 1 , 1 , 1 , 1 , 1 , 1 , 603 , MultiplierP_unq1 , MultiplierP , 258 , 31 , 30 , 533 , 0 , 603 , 0 , 603 , 0 , 0 , 0.55 , 0 , 0.705241689270751 , 0.9 , 289 , svt , 0.001229 , 0.55 , 0.6120489 , 0.0553442 , 0.001154361599 , 0.43 , 0.5318177 , 0.0693733 , 0.001229 , 0.55 , 0.6120489 , 0.0553442 , 0.001229 , 0.55 , 0.6122652 , 0.0553091 , 
14 , 0.90625 , 15 , NA , ON , NA , 16 , 1 , 1 , 1 , 1 , 1 , 1 , 1 , 1 , 547 , MultiplierP_unq1 , MultiplierP , 255 , 30 , 30 , 513 , 0 , 547 , 0 , 546 , 0 , 0 , 0.59 , 0 , 0.758301732182056 , 0.9 , 285 , svt , 0.001152 , 0.59 , 0.580973 , 0.0515287 , 0.001099853995 , 0.47 , 0.495196 , 0.0632262 , 0.001152 , 0.59 , 0.580973 , 0.0515287 , 0.001152 , 0.58 , 0.579767 , 0.0512587 , 
14 , 0.90625 , 15 , NA , ON , NA , 16 , 1 , 1 , 1 , 1 , 1 , 1 , 1 , 1 , 543 , MultiplierP_unq1 , MultiplierP , 250 , 30 , 30 , 487 , 0 , 543 , 0 , 543 , 0 , 0 , 0.63 , 0 , 0.815353836533546 , 0.9 , 280 , svt , 0.001143 , 0.63 , 0.5670209 , 0.0479384 , 0.001050991192 , 0.50 , 0.4738978 , 0.0593708 , 0.001143 , 0.63 , 0.5670209 , 0.0479384 , 0.001143 , 0.63 , 0.5666874 , 0.0479251 , 
14 , 0.90625 , 15 , NA , ON , NA , 16 , 1 , 1 , 1 , 1 , 1 , 1 , 1 , 1 , 525 , MultiplierP_unq1 , MultiplierP , 248 , 31 , 30 , 474 , 0 , 525 , 0 , 526 , 0 , 0 , 0.67 , 0 , 0.876698351772147 , 0.9 , 279 , svt , 0.001096 , 0.67 , 0.5558872 , 0.0465845 , 0.00101165399 , 0.54 , 0.4595531 , 0.0562786 , 0.001096 , 0.67 , 0.5558872 , 0.0465845 , 0.001096 , 0.67 , 0.5572574 , 0.0468249 , 
14 , 0.90625 , 15 , NA , ON , NA , 16 , 1 , 1 , 1 , 1 , 1 , 1 , 1 , 1 , 431 , MultiplierP_unq1 , MultiplierP , 267 , 31 , 30 , 438 , 0 , 431 , 0 , 432 , 0 , 0 , 0.73 , 0 , 0.942658224639846 , 0.9 , 298 , svt , 0.001001 , 0.73 , 0.5793708 , 0.0445452 , 0.000956440819 , 0.57 , 0.450767 , 0.0519207 , 0.001001 , 0.73 , 0.5793708 , 0.0445452 , 0.001001 , 0.73 , 0.5800291 , 0.0445646 , 
14 , 0.90625 , 15 , NA , ON , NA , 16 , 1 , 1 , 1 , 1 , 1 , 1 , 1 , 1 , 422 , MultiplierP_unq1 , MultiplierP , 260 , 31 , 30 , 425 , 0 , 422 , 0 , 421 , 0 , 0 , 0.77 , 0 , 1.01358069931914 , 0.9 , 291 , svt , 0.000983 , 0.77 , 0.553962 , 0.0428339 , 0.000929098819 , 0.61 , 0.4465755 , 0.050449 , 0.000983 , 0.77 , 0.553962 , 0.0428339 , 0.000983 , 0.77 , 0.5534829 , 0.0427886 , 
14 , 0.90625 , 15 , NA , ON , NA , 16 , 1 , 1 , 1 , 1 , 1 , 1 , 1 , 1 , 543 , MultiplierP_unq1 , MultiplierP , 250 , 30 , 30 , 487 , 0 , 543 , 0 , 543 , 0 , 0 , 0.81 , 1 , 0.815353836533546 , 0.9 , 280 , svt , 0.001143 , 0.81 , 0.4597628 , 0.0356782 , 0.001050991192 , 0.65 , 0.3844534 , 0.0441308 , 0.001143 , 0.81 , 0.4597628 , 0.0356782 , 0.001143 , 0.81 , 0.4594913 , 0.0356682 , 
14 , 0.90625 , 15 , NA , ON , NA , 16 , 1 , 1 , 1 , 1 , 1 , 1 , 1 , 1 , 422 , MultiplierP_unq1 , MultiplierP , 258 , 31 , 30 , 419 , 0 , 422 , 0 , 422 , 0 , 0 , 0.83 , 0 , 1.08983914549176 , 0.9 , 289 , svt , 0.000992 , 0.83 , 0.5504267 , 0.0428344 , 0.000916574419 , 0.66 , 0.4424457 , 0.0494698 , 0.000992 , 0.83 , 0.5504267 , 0.0428344 , 0.000992 , 0.83 , 0.5497163 , 0.0429704 , 
14 , 0.90625 , 15 , NA , ON , NA , 16 , 1 , 1 , 1 , 1 , 1 , 1 , 1 , 1 , 423 , MultiplierP_unq1 , MultiplierP , 257 , 32 , 30 , 419 , 0 , 423 , 0 , 422 , 0 , 0 , 0.89 , 0 , 1.17183502393452 , 0.9 , 289 , svt , 0.000992 , 0.89 , 0.5501486 , 0.0421492 , 0.000913575619 , 0.70 , 0.4428991 , 0.0493194 , 0.000992 , 0.89 , 0.5501486 , 0.0421492 , 0.000992 , 0.90 , 0.548058 , 0.0419588 , 
14 , 0.90625 , 15 , NA , ON , NA , 16 , 1 , 1 , 1 , 1 , 1 , 1 , 1 , 1 , 491 , MultiplierP_unq1 , MultiplierP , 272 , 30 , 30 , 490 , 0 , 491 , 0 , 490 , 0 , 0 , 0.95 , 0 , 20 , 0.9 , 302 , svt , 0.001009 , 0.95 , 0.5527296 , 0.0399962 , 0.000954676821 , 0.65 , 0.4352493 , 0.0467472 , 0.001009 , 0.95 , 0.5527296 , 0.0399962 , 0.001009 , 0.96 , 0.5527455 , 0.0399413 , 
14 , 0.90625 , 15 , NA , ON , NA , 16 , 1 , 1 , 1 , 1 , 1 , 1 , 1 , 1 , 491 , MultiplierP_unq1 , MultiplierP , 272 , 30 , 30 , 490 , 0 , 491 , 0 , 490 , 0 , 0 , 1.26 , 1 , 20 , 0.9 , 302 , svt , 0.001009 , 1.26 , 0.4468459 , 0.0297001 , 0.000954676821 , 0.87 , 0.3523453 , 0.0346651 , 0.001009 , 1.26 , 0.4468459 , 0.0297001 , 0.001009 , 1.27 , 0.4468203 , 0.0296593 , 
14 , 0.90625 , 15 , NA , ON , NA , 16 , 1 , 1 , 1 , 1 , 1 , 1 , 1 , 1 , 491 , MultiplierP_unq1 , MultiplierP , 272 , 30 , 30 , 490 , 0 , 491 , 0 , 490 , 0 , 0 , 1.81 , 0 , 20 , 0.9 , 302 , svt , 0.001009 , 1.81 , 0.3548597 , 0.0217242 , 0.000954676821 , 1.26 , 0.2806011 , 0.0253192 , 0.001009 , 1.81 , 0.3548597 , 0.0217242 , 0.001009 , 1.83 , 0.3548221 , 0.0216945 , 
0 , 0.03125 , 15 , 1 , OFF , Array , 16 , 1 , 1 , 1 , 0 , 1 , 1 , 1 , 1 , 1308 , MultiplierP_unq1 , MultiplierP , 1429 , 31 , 30 , 1208 , 0 , 1308 , 0 , 1334 , 0 , 0 , 1.03 , 0 , 1.34 , 0.9 , 1460 , svt , 0.002083 , 1.03 , 0.8757184 , 0.0989317 , 0.001787108425 , 0.96 , 0.7106898 , 0.0990923 , 0.002083 , 1.03 , 0.8757184 , 0.0989317 , 0.002124 , 1.03 , 0.9079379 , 0.0998871 , 
0 , 0.03125 , 15 , 1 , OFF , Array , 16 , 1 , 1 , 1 , 0 , 1 , 1 , 1 , 1 , 829 , MultiplierP_unq1 , MultiplierP , 350 , 32 , 30 , 829 , 0 , 829 , 0 , 830 , 0 , 0 , 1.91 , 0 , 20 , 0.9 , 382 , svt , 0.001292 , 1.91 , 0.5205685 , 0.0329356 , 0.001223863206 , 1.58 , 0.4355325 , 0.0356835 , 0.001292 , 1.91 , 0.5205685 , 0.0329356 , 0.001292 , 1.94 , 0.5374003 , 0.0331319 , 
0 , 0.03125 , 15 , 1 , OFF , Array , 16 , 1 , 1 , 1 , 0 , 1 , 1 , 1 , 1 , 829 , MultiplierP_unq1 , MultiplierP , 350 , 32 , 30 , 829 , 0 , 829 , 0 , 830 , 0 , 0 , 2.51 , 1 , 20 , 0.9 , 382 , svt , 0.001292 , 2.51 , 0.4216419 , 0.0245386 , 0.001223863206 , 2.08 , 0.3531082 , 0.0265583 , 0.001292 , 2.51 , 0.4216419 , 0.0245386 , 0.001292 , 2.55 , 0.4352144 , 0.0246831 , 
0 , 0.03125 , 15 , 1 , OFF , Array , 16 , 1 , 1 , 1 , 0 , 1 , 1 , 1 , 1 , 829 , MultiplierP_unq1 , MultiplierP , 350 , 32 , 30 , 829 , 0 , 829 , 0 , 830 , 0 , 0 , 3.61 , 0 , 20 , 0.9 , 382 , svt , 0.001292 , 3.61 , 0.3345941 , 0.018024 , 0.001223863206 , 2.98 , 0.2806123 , 0.0194847 , 0.001292 , 3.61 , 0.3345941 , 0.018024 , 0.001292 , 3.66 , 0.3453077 , 0.0181288 , 
1 , 0.09375 , 15 , 1 , OFF , OS1 , 16 , 1 , 1 , 1 , 0 , 1 , 1 , 1 , 1 , 1237 , MultiplierP_unq1 , MultiplierP , 1162 , 32 , 30 , 1222 , 0 , 1237 , 0 , 1341 , 0 , 0 , 0.57 , 0 , 0.73 , 0.9 , 1194 , svt , 0.002014 , 0.57 , 0.7694017 , 0.0963229 , 0.001834912834 , 0.50 , 0.6264904 , 0.1009383 , 0.002014 , 0.57 , 0.7694017 , 0.0963229 , 0.002101 , 0.57 , 0.808287 , 0.0980218 , 
1 , 0.09375 , 15 , 1 , OFF , OS1 , 16 , 1 , 1 , 1 , 0 , 1 , 1 , 1 , 1 , 1137 , MultiplierP_unq1 , MultiplierP , 512 , 33 , 30 , 1156 , 0 , 1137 , 0 , 1146 , 0 , 0 , 0.61 , 0 , 0.793453540349324 , 0.9 , 545 , svt , 0.001676 , 0.61 , 0.6467391 , 0.0688338 , 0.001766469629 , 0.50 , 0.6005781 , 0.0948261 , 0.001676 , 0.61 , 0.6467391 , 0.0688338 , 0.001659 , 0.62 , 0.665813 , 0.0695904 , 
1 , 0.09375 , 15 , 1 , OFF , OS1 , 16 , 1 , 1 , 1 , 0 , 1 , 1 , 1 , 1 , 946 , MultiplierP_unq1 , MultiplierP , 470 , 32 , 30 , 947 , 0 , 946 , 0 , 986 , 0 , 0 , 0.66 , 0 , 0.862422631086133 , 0.9 , 502 , svt , 0.001501 , 0.66 , 0.5874468 , 0.060359 , 0.001517216418 , 0.53 , 0.5352576 , 0.0789373 , 0.001501 , 0.66 , 0.5874468 , 0.060359 , 0.001513 , 0.67 , 0.6154348 , 0.0610634 , 
1 , 0.09375 , 15 , 1 , OFF , OS1 , 16 , 1 , 1 , 1 , 0 , 1 , 1 , 1 , 1 , 835 , MultiplierP_unq1 , MultiplierP , 487 , 32 , 30 , 838 , 0 , 835 , 0 , 855 , 0 , 0 , 0.72 , 0 , 0.937386698510509 , 0.9 , 519 , svt , 0.00142 , 0.72 , 0.5577673 , 0.0576686 , 0.001362513608 , 0.58 , 0.5004797 , 0.0698502 , 0.00142 , 0.72 , 0.5577673 , 0.0576686 , 0.001408 , 0.72 , 0.5816262 , 0.0562153 , 
1 , 0.09375 , 15 , 1 , OFF , OS1 , 16 , 1 , 1 , 1 , 0 , 1 , 1 , 1 , 1 , 721 , MultiplierP_unq1 , MultiplierP , 457 , 34 , 30 , 720 , 0 , 721 , 0 , 738 , 0 , 0 , 0.78 , 0 , 1.01886684193086 , 0.9 , 491 , svt , 0.001327 , 0.78 , 0.5544028 , 0.0556424 , 0.001288601995 , 0.63 , 0.4854037 , 0.0681025 , 0.001327 , 0.78 , 0.5544028 , 0.0556424 , 0.001327 , 0.79 , 0.5723708 , 0.055913 , 
1 , 0.09375 , 15 , 1 , OFF , OS1 , 16 , 1 , 1 , 1 , 0 , 1 , 1 , 1 , 1 , 649 , MultiplierP_unq1 , MultiplierP , 431 , 34 , 30 , 651 , 0 , 649 , 0 , 661 , 0 , 0 , 0.86 , 0 , 1.10742945599257 , 0.9 , 465 , svt , 0.001298 , 0.86 , 0.545991 , 0.0556276 , 0.001199167187 , 0.69 , 0.4756148 , 0.0627937 , 0.001298 , 0.86 , 0.545991 , 0.0556276 , 0.001274 , 0.85 , 0.5551462 , 0.0561804 , 
1 , 0.09375 , 15 , 1 , OFF , OS1 , 16 , 1 , 1 , 1 , 0 , 1 , 1 , 1 , 1 , 612 , MultiplierP_unq1 , MultiplierP , 342 , 33 , 30 , 613 , 0 , 612 , 0 , 623 , 0 , 0 , 0.93 , 0 , 1.20369016786908 , 0.9 , 375 , svt , 0.001239 , 0.93 , 0.5476066 , 0.0557187 , 0.001193522385 , 0.74 , 0.4731974 , 0.0647741 , 0.001239 , 0.93 , 0.5476066 , 0.0557187 , 0.001251 , 0.93 , 0.5578742 , 0.0553833 , 
1 , 0.09375 , 15 , 1 , OFF , OS1 , 16 , 1 , 1 , 1 , 0 , 1 , 1 , 1 , 1 , 586 , MultiplierP_unq1 , MultiplierP , 461 , 32 , 30 , 586 , 0 , 586 , 0 , 592 , 0 , 0 , 1.00 , 0 , 1.30831811668411 , 0.9 , 493 , svt , 0.001245 , 1.00 , 0.5541251 , 0.0577952 , 0.00116071198 , 0.81 , 0.4679073 , 0.0630254 , 0.001245 , 1.00 , 0.5541251 , 0.0577952 , 0.001216 , 1.01 , 0.5582458 , 0.0565274 , 
1 , 0.09375 , 15 , 1 , OFF , OS1 , 16 , 1 , 1 , 1 , 0 , 1 , 1 , 1 , 1 , 570 , MultiplierP_unq1 , MultiplierP , 445 , 34 , 30 , 570 , 0 , 570 , 0 , 571 , 0 , 0 , 1.09 , 0 , 1.42204060491255 , 0.9 , 479 , svt , 0.00121 , 1.09 , 0.5475084 , 0.0562286 , 0.001154185179 , 0.88 , 0.4628011 , 0.0631155 , 0.00121 , 1.09 , 0.5475084 , 0.0562286 , 0.00121 , 1.09 , 0.5539391 , 0.0571905 , 
1 , 0.09375 , 15 , 1 , OFF , OS1 , 16 , 1 , 1 , 1 , 0 , 1 , 1 , 1 , 1 , 539 , MultiplierP_unq1 , MultiplierP , 363 , 32 , 30 , 539 , 0 , 539 , 0 , 539 , 0 , 0 , 1.30 , 0 , 40 , 0.9 , 395 , svt , 0.001181 , 1.30 , 0.5516657 , 0.0565743 , 0.001121727577 , 1.00 , 0.4572919 , 0.0602993 , 0.001181 , 1.30 , 0.5516657 , 0.0565743 , 0.001181 , 1.35 , 0.5564146 , 0.0567481 , 
1 , 0.09375 , 15 , 1 , OFF , OS1 , 16 , 1 , 1 , 1 , 0 , 1 , 1 , 1 , 1 , 570 , MultiplierP_unq1 , MultiplierP , 445 , 34 , 30 , 570 , 0 , 570 , 0 , 571 , 0 , 0 , 1.42 , 1 , 1.42204060491255 , 0.9 , 479 , svt , 0.00121 , 1.42 , 0.4438745 , 0.0418067 , 0.001154185179 , 1.14 , 0.3755693 , 0.0468839 , 0.00121 , 1.42 , 0.4438745 , 0.0418067 , 0.00121 , 1.41 , 0.449115 , 0.0425195 , 
1 , 0.09375 , 15 , 1 , OFF , OS1 , 16 , 1 , 1 , 1 , 0 , 1 , 1 , 1 , 1 , 539 , MultiplierP_unq1 , MultiplierP , 363 , 32 , 30 , 539 , 0 , 539 , 0 , 539 , 0 , 0 , 1.68 , 1 , 40 , 0.9 , 395 , svt , 0.001181 , 1.68 , 0.4470356 , 0.0420648 , 0.001121727577 , 1.30 , 0.3711949 , 0.0448033 , 0.001181 , 1.68 , 0.4470356 , 0.0420648 , 0.001181 , 1.75 , 0.4509983 , 0.0421928 , 
1 , 0.09375 , 15 , 1 , OFF , OS1 , 16 , 1 , 1 , 1 , 0 , 1 , 1 , 1 , 1 , 539 , MultiplierP_unq1 , MultiplierP , 363 , 32 , 30 , 539 , 0 , 539 , 0 , 539 , 0 , 0 , 2.38 , 0 , 40 , 0.9 , 395 , svt , 0.001181 , 2.38 , 0.3553748 , 0.0308086 , 0.001121727577 , 1.85 , 0.2957658 , 0.03279 , 0.001181 , 2.38 , 0.3553748 , 0.0308086 , 0.001181 , 2.47 , 0.3585872 , 0.0309013 , 
2 , 0.15625 , 15 , 1 , OFF , Wallace , 16 , 1 , 1 , 1 , 0 , 1 , 1 , 1 , 1 , 1371 , MultiplierP_unq1 , MultiplierP , 1195 , 34 , 30 , 1364 , 0 , 1371 , 0 , 1614 , 0 , 0 , 0.50 , 0 , 0.65 , 0.9 , 1229 , svt , 0.002316 , 0.50 , 0.8935058 , 0.1193671 , 0.002163898838 , 0.44 , 0.7158681 , 0.1238366 , 0.002316 , 0.50 , 0.8935058 , 0.1193671 , 0.002444 , 0.51 , 0.9596922 , 0.1186743 , 
2 , 0.15625 , 15 , 1 , OFF , Wallace , 16 , 1 , 1 , 1 , 0 , 1 , 1 , 1 , 1 , 1203 , MultiplierP_unq1 , MultiplierP , 527 , 32 , 30 , 1233 , 0 , 1203 , 0 , 1270 , 0 , 0 , 0.54 , 0 , 0.697186791374372 , 0.9 , 559 , svt , 0.00181 , 0.54 , 0.6953403 , 0.0788423 , 0.001934226034 , 0.44 , 0.6511568 , 0.1098021 , 0.00181 , 0.54 , 0.6953403 , 0.0788423 , 0.001833 , 0.55 , 0.7537789 , 0.0832357 , 
2 , 0.15625 , 15 , 1 , OFF , Wallace , 16 , 1 , 1 , 1 , 0 , 1 , 1 , 1 , 1 , 642 , MultiplierP_unq1 , MultiplierP , 337 , 34 , 30 , 641 , 0 , 642 , 0 , 643 , 0 , 0 , 1.00 , 0 , 20 , 0.9 , 371 , svt , 0.001239 , 1.00 , 0.5448513 , 0.0512986 , 0.001172707185 , 0.71 , 0.4499272 , 0.0560047 , 0.001239 , 1.00 , 0.5448513 , 0.0512986 , 0.001234 , 0.99 , 0.5540765 , 0.0515706 , 
2 , 0.15625 , 15 , 1 , OFF , Wallace , 16 , 1 , 1 , 1 , 0 , 1 , 1 , 1 , 1 , 642 , MultiplierP_unq1 , MultiplierP , 337 , 34 , 30 , 641 , 0 , 642 , 0 , 643 , 0 , 0 , 1.31 , 1 , 20 , 0.9 , 371 , svt , 0.001239 , 1.31 , 0.441582 , 0.0381633 , 0.001172707185 , 0.94 , 0.365181 , 0.0416264 , 0.001239 , 1.31 , 0.441582 , 0.0381633 , 0.001234 , 1.29 , 0.4490865 , 0.0383634 , 
2 , 0.15625 , 15 , 1 , OFF , Wallace , 16 , 1 , 1 , 1 , 0 , 1 , 1 , 1 , 1 , 642 , MultiplierP_unq1 , MultiplierP , 337 , 34 , 30 , 641 , 0 , 642 , 0 , 643 , 0 , 0 , 1.87 , 0 , 20 , 0.9 , 371 , svt , 0.001239 , 1.87 , 0.3509746 , 0.0279714 , 0.001172707185 , 1.36 , 0.2908676 , 0.0304801 , 0.001239 , 1.87 , 0.3509746 , 0.0279714 , 0.001234 , 1.84 , 0.3569325 , 0.0281162 , 
3 , 0.21875 , 15 , 1 , OFF , ZM , 16 , 1 , 1 , 1 , 0 , 1 , 1 , 1 , 1 , 1162 , MultiplierP_unq1 , MultiplierP , 1104 , 32 , 30 , 1156 , 0 , 1162 , 0 , 1268 , 0 , 0 , 0.64 , 0 , 0.83 , 0.9 , 1136 , svt , 0.001851 , 0.64 , 0.7114211 , 0.082268 , 0.001825387224 , 0.56 , 0.638939 , 0.1009213 , 0.001851 , 0.64 , 0.7114211 , 0.082268 , 0.001874 , 0.64 , 0.7495969 , 0.0819554 , 
3 , 0.21875 , 15 , 1 , OFF , ZM , 16 , 1 , 1 , 1 , 0 , 1 , 1 , 1 , 1 , 1081 , MultiplierP_unq1 , MultiplierP , 477 , 33 , 30 , 1100 , 0 , 1081 , 0 , 1055 , 0 , 0 , 0.69 , 0 , 0.895802527294537 , 0.9 , 510 , svt , 0.001606 , 0.69 , 0.635606 , 0.0661459 , 0.00174265562 , 0.56 , 0.6126697 , 0.0929484 , 0.001606 , 0.69 , 0.635606 , 0.0661459 , 0.001571 , 0.70 , 0.6580054 , 0.0639452 , 
3 , 0.21875 , 15 , 1 , OFF , ZM , 16 , 1 , 1 , 1 , 0 , 1 , 1 , 1 , 1 , 912 , MultiplierP_unq1 , MultiplierP , 436 , 33 , 30 , 916 , 0 , 912 , 0 , 920 , 0 , 0 , 0.74 , 0 , 0.966821889044916 , 0.9 , 469 , svt , 0.001449 , 0.74 , 0.5662486 , 0.0563409 , 0.001493578812 , 0.59 , 0.5466894 , 0.0784441 , 0.001449 , 0.74 , 0.5662486 , 0.0563409 , 0.001449 , 0.75 , 0.5906536 , 0.0579083 , 
3 , 0.21875 , 15 , 1 , OFF , ZM , 16 , 1 , 1 , 1 , 0 , 1 , 1 , 1 , 1 , 780 , MultiplierP_unq1 , MultiplierP , 430 , 32 , 30 , 780 , 0 , 780 , 0 , 802 , 0 , 0 , 0.80 , 0 , 1.04347167668688 , 0.9 , 462 , svt , 0.001362 , 0.80 , 0.5492512 , 0.0560832 , 0.001341169202 , 0.64 , 0.503377 , 0.0714646 , 0.001362 , 0.80 , 0.5492512 , 0.0560832 , 0.001356 , 0.81 , 0.5737313 , 0.0552346 , 
3 , 0.21875 , 15 , 1 , OFF , ZM , 16 , 1 , 1 , 1 , 0 , 1 , 1 , 1 , 1 , 668 , MultiplierP_unq1 , MultiplierP , 384 , 31 , 30 , 668 , 0 , 668 , 0 , 673 , 0 , 0 , 0.87 , 0 , 1.12619827124865 , 0.9 , 415 , svt , 0.00128 , 0.87 , 0.541279 , 0.0553021 , 0.001276783192 , 0.69 , 0.4937255 , 0.0715535 , 0.00128 , 0.87 , 0.541279 , 0.0553021 , 0.00128 , 0.86 , 0.556993 , 0.0559466 , 
3 , 0.21875 , 15 , 1 , OFF , ZM , 16 , 1 , 1 , 1 , 0 , 1 , 1 , 1 , 1 , 637 , MultiplierP_unq1 , MultiplierP , 383 , 33 , 30 , 637 , 0 , 637 , 0 , 642 , 0 , 0 , 0.93 , 0 , 1.21548344291479 , 0.9 , 416 , svt , 0.00128 , 0.93 , 0.5338405 , 0.0558151 , 0.001213279189 , 0.75 , 0.4784248 , 0.0662024 , 0.00128 , 0.93 , 0.5338405 , 0.0558151 , 0.001239 , 0.94 , 0.5413293 , 0.0536011 , 
3 , 0.21875 , 15 , 1 , OFF , ZM , 16 , 1 , 1 , 1 , 0 , 1 , 1 , 1 , 1 , 569 , MultiplierP_unq1 , MultiplierP , 399 , 32 , 30 , 569 , 0 , 569 , 0 , 580 , 0 , 0 , 1.00 , 0 , 1.31184715668402 , 0.9 , 431 , svt , 0.001228 , 1.00 , 0.5410563 , 0.0570746 , 0.001159477181 , 0.81 , 0.4684811 , 0.0643374 , 0.001228 , 1.00 , 0.5410563 , 0.0570746 , 0.00121 , 1.01 , 0.5495223 , 0.0564336 , 
3 , 0.21875 , 15 , 1 , OFF , ZM , 16 , 1 , 1 , 1 , 0 , 1 , 1 , 1 , 1 , 547 , MultiplierP_unq1 , MultiplierP , 370 , 32 , 30 , 547 , 0 , 547 , 0 , 561 , 0 , 0 , 1.06 , 0 , 1.41585060045988 , 0.9 , 402 , svt , 0.001199 , 1.06 , 0.5411343 , 0.0571512 , 0.001138485578 , 0.87 , 0.4647342 , 0.0629198 , 0.001199 , 1.06 , 0.5411343 , 0.0571512 , 0.001199 , 1.07 , 0.5499186 , 0.0572031 , 
3 , 0.21875 , 15 , 1 , OFF , ZM , 16 , 1 , 1 , 1 , 0 , 1 , 1 , 1 , 1 , 668 , MultiplierP_unq1 , MultiplierP , 384 , 31 , 30 , 668 , 0 , 668 , 0 , 673 , 0 , 0 , 1.12 , 1 , 1.12619827124865 , 0.9 , 415 , svt , 0.00128 , 1.12 , 0.438941 , 0.041125 , 0.001276783192 , 0.90 , 0.4002113 , 0.0531285 , 0.00128 , 1.12 , 0.438941 , 0.041125 , 0.00128 , 1.13 , 0.4517206 , 0.0416 , 
3 , 0.21875 , 15 , 1 , OFF , ZM , 16 , 1 , 1 , 1 , 0 , 1 , 1 , 1 , 1 , 544 , MultiplierP_unq1 , MultiplierP , 384 , 32 , 30 , 543 , 0 , 544 , 0 , 550 , 0 , 0 , 1.17 , 0 , 1.52809945320897 , 0.9 , 416 , svt , 0.001187 , 1.17 , 0.541005 , 0.0566592 , 0.001129312777 , 0.94 , 0.4616845 , 0.0619642 , 0.001187 , 1.17 , 0.541005 , 0.0566592 , 0.001187 , 1.16 , 0.5472958 , 0.0568132 , 
3 , 0.21875 , 15 , 1 , OFF , ZM , 16 , 1 , 1 , 1 , 0 , 1 , 1 , 1 , 1 , 641 , MultiplierP_unq1 , MultiplierP , 365 , 33 , 30 , 641 , 0 , 641 , 0 , 649 , 0 , 0 , 1.25 , 0 , 1.64924741221927 , 0.9 , 398 , svt , 0.001222 , 1.25 , 0.5243792 , 0.0485328 , 0.001161064787 , 1.01 , 0.4345417 , 0.0532229 , 0.001222 , 1.25 , 0.5243792 , 0.0485328 , 0.001228 , 1.25 , 0.5334669 , 0.0487145 , 
3 , 0.21875 , 15 , 1 , OFF , ZM , 16 , 1 , 1 , 1 , 0 , 1 , 1 , 1 , 1 , 569 , MultiplierP_unq1 , MultiplierP , 399 , 32 , 30 , 569 , 0 , 569 , 0 , 580 , 0 , 0 , 1.31 , 1 , 1.31184715668402 , 0.9 , 431 , svt , 0.001228 , 1.31 , 0.4389441 , 0.0424384 , 0.001159477181 , 1.05 , 0.3801214 , 0.0477868 , 0.001228 , 1.31 , 0.4389441 , 0.0424384 , 0.00121 , 1.31 , 0.445871 , 0.041959 , 
3 , 0.21875 , 15 , 1 , OFF , ZM , 16 , 1 , 1 , 1 , 0 , 1 , 1 , 1 , 1 , 647 , MultiplierP_unq1 , MultiplierP , 322 , 32 , 30 , 647 , 0 , 647 , 0 , 647 , 0 , 0 , 1.36 , 0 , 20 , 0.9 , 354 , svt , 0.001222 , 1.36 , 0.5261713 , 0.0477601 , 0.001159829988 , 1.05 , 0.4312825 , 0.0520903 , 0.001222 , 1.36 , 0.5261713 , 0.0477601 , 0.001222 , 1.37 , 0.534991 , 0.0479945 , 
3 , 0.21875 , 15 , 1 , OFF , ZM , 16 , 1 , 1 , 1 , 0 , 1 , 1 , 1 , 1 , 547 , MultiplierP_unq1 , MultiplierP , 370 , 32 , 30 , 547 , 0 , 547 , 0 , 561 , 0 , 0 , 1.38 , 1 , 1.41585060045988 , 0.9 , 402 , svt , 0.001199 , 1.38 , 0.4389702 , 0.0424974 , 0.001138485578 , 1.13 , 0.3772226 , 0.0467401 , 0.001199 , 1.38 , 0.4389702 , 0.0424974 , 0.001199 , 1.39 , 0.4461621 , 0.0425355 , 
3 , 0.21875 , 15 , 1 , OFF , ZM , 16 , 1 , 1 , 1 , 0 , 1 , 1 , 1 , 1 , 544 , MultiplierP_unq1 , MultiplierP , 384 , 32 , 30 , 543 , 0 , 544 , 0 , 550 , 0 , 0 , 1.51 , 1 , 1.52809945320897 , 0.9 , 416 , svt , 0.001187 , 1.51 , 0.4388086 , 0.0421346 , 0.001129312777 , 1.22 , 0.3747697 , 0.0460371 , 0.001187 , 1.51 , 0.4388086 , 0.0421346 , 0.001187 , 1.51 , 0.4439521 , 0.0422479 , 
3 , 0.21875 , 15 , 1 , OFF , ZM , 16 , 1 , 1 , 1 , 0 , 1 , 1 , 1 , 1 , 641 , MultiplierP_unq1 , MultiplierP , 365 , 33 , 30 , 641 , 0 , 641 , 0 , 649 , 0 , 0 , 1.64 , 1 , 1.64924741221927 , 0.9 , 398 , svt , 0.001222 , 1.64 , 0.4250983 , 0.03611 , 0.001161064787 , 1.32 , 0.3526181 , 0.0395612 , 0.001222 , 1.64 , 0.4250983 , 0.03611 , 0.001228 , 1.62 , 0.4324853 , 0.0362429 , 
3 , 0.21875 , 15 , 1 , OFF , ZM , 16 , 1 , 1 , 1 , 0 , 1 , 1 , 1 , 1 , 647 , MultiplierP_unq1 , MultiplierP , 322 , 32 , 30 , 647 , 0 , 647 , 0 , 647 , 0 , 0 , 1.78 , 1 , 20 , 0.9 , 354 , svt , 0.001222 , 1.78 , 0.4263302 , 0.0355384 , 0.001159829988 , 1.38 , 0.3499693 , 0.0387252 , 0.001222 , 1.78 , 0.4263302 , 0.0355384 , 0.001222 , 1.80 , 0.4335708 , 0.0357111 , 
3 , 0.21875 , 15 , 1 , OFF , ZM , 16 , 1 , 1 , 1 , 0 , 1 , 1 , 1 , 1 , 647 , MultiplierP_unq1 , MultiplierP , 322 , 32 , 30 , 647 , 0 , 647 , 0 , 647 , 0 , 0 , 2.54 , 0 , 20 , 0.9 , 354 , svt , 0.001222 , 2.54 , 0.3387057 , 0.0260548 , 0.001159829988 , 1.97 , 0.2786483 , 0.0283633 , 0.001222 , 2.54 , 0.3387057 , 0.0260548 , 0.001222 , 2.56 , 0.3444951 , 0.02618 , 
4 , 0.28125 , 15 , 2 , OFF , Array , 16 , 1 , 1 , 1 , 0 , 1 , 1 , 1 , 1 , 1049 , MultiplierP_unq1 , MultiplierP , 1139 , 32 , 30 , 1047 , 0 , 1049 , 0 , 1056 , 0 , 0 , 0.66 , 0 , 0.85 , 0.9 , 1171 , svt , 0.001591 , 0.66 , 0.7600872 , 0.0659179 , 0.001644930021 , 0.56 , 0.6948433 , 0.0873204 , 0.001591 , 0.66 , 0.7600872 , 0.0659179 , 0.001575 , 0.67 , 0.7991303 , 0.0657396 , 
4 , 0.28125 , 15 , 2 , OFF , Array , 16 , 1 , 1 , 1 , 0 , 1 , 1 , 1 , 1 , 922 , MultiplierP_unq1 , MultiplierP , 433 , 32 , 30 , 927 , 0 , 922 , 0 , 908 , 0 , 0 , 0.70 , 0 , 0.906626762186053 , 0.9 , 465 , svt , 0.001403 , 0.70 , 0.6653621 , 0.0538779 , 0.00147029402 , 0.56 , 0.6478714 , 0.0762956 , 0.001403 , 0.70 , 0.6653621 , 0.0538779 , 0.001403 , 0.70 , 0.7047217 , 0.0556721 , 
4 , 0.28125 , 15 , 2 , OFF , Array , 16 , 1 , 1 , 1 , 0 , 1 , 1 , 1 , 1 , 795 , MultiplierP_unq1 , MultiplierP , 403 , 32 , 30 , 803 , 0 , 795 , 0 , 785 , 0 , 0 , 0.75 , 0 , 0.967025983425841 , 0.9 , 435 , svt , 0.001265 , 0.75 , 0.6166326 , 0.0480127 , 0.001279958414 , 0.59 , 0.584537 , 0.0672118 , 0.001265 , 0.75 , 0.6166326 , 0.0480127 , 0.00128 , 0.75 , 0.6577345 , 0.0503055 , 
4 , 0.28125 , 15 , 2 , OFF , Array , 16 , 1 , 1 , 1 , 0 , 1 , 1 , 1 , 1 , 757 , MultiplierP_unq1 , MultiplierP , 419 , 34 , 30 , 758 , 0 , 757 , 0 , 747 , 0 , 0 , 0.80 , 0 , 1.03144898388606 , 0.9 , 453 , svt , 0.001218 , 0.80 , 0.6142713 , 0.0461066 , 0.00120534121 , 0.63 , 0.5645947 , 0.0625188 , 0.001218 , 0.80 , 0.6142713 , 0.0461066 , 0.001226 , 0.80 , 0.6438537 , 0.0486546 , 
4 , 0.28125 , 15 , 2 , OFF , Array , 16 , 1 , 1 , 1 , 0 , 1 , 1 , 1 , 1 , 715 , MultiplierP_unq1 , MultiplierP , 404 , 33 , 30 , 714 , 0 , 715 , 0 , 706 , 0 , 0 , 0.85 , 0 , 1.10016382661261 , 0.9 , 437 , svt , 0.001187 , 0.85 , 0.5957194 , 0.0439482 , 0.001144836008 , 0.67 , 0.5424959 , 0.0586672 , 0.001187 , 0.85 , 0.5957194 , 0.0439482 , 0.001195 , 0.85 , 0.632902 , 0.0455952 , 
4 , 0.28125 , 15 , 2 , OFF , Array , 16 , 1 , 1 , 1 , 0 , 1 , 1 , 1 , 1 , 623 , MultiplierP_unq1 , MultiplierP , 382 , 33 , 30 , 623 , 0 , 623 , 0 , 598 , 0 , 0 , 0.89 , 0 , 1.17345643293648 , 0.9 , 415 , svt , 0.00114 , 0.89 , 0.5803511 , 0.0441768 , 0.001097560798 , 0.72 , 0.5262064 , 0.0583972 , 0.00114 , 0.89 , 0.5803511 , 0.0441768 , 0.001126 , 0.90 , 0.6055681 , 0.04448 , 
4 , 0.28125 , 15 , 2 , OFF , Array , 16 , 1 , 1 , 1 , 0 , 1 , 1 , 1 , 1 , 578 , MultiplierP_unq1 , MultiplierP , 380 , 33 , 30 , 566 , 0 , 578 , 0 , 544 , 0 , 0 , 0.95 , 0 , 1.25163177218776 , 0.9 , 413 , svt , 0.001111 , 0.95 , 0.5814795 , 0.044067 , 0.001051343992 , 0.76 , 0.5146122 , 0.0563539 , 0.001111 , 0.95 , 0.5814795 , 0.044067 , 0.001096 , 0.96 , 0.6017964 , 0.044332 , 
4 , 0.28125 , 15 , 2 , OFF , Array , 16 , 1 , 1 , 1 , 0 , 1 , 1 , 1 , 1 , 567 , MultiplierP_unq1 , MultiplierP , 377 , 33 , 30 , 568 , 0 , 567 , 0 , 543 , 0 , 0 , 1.01 , 0 , 1.33501513066797 , 0.9 , 410 , svt , 0.001103 , 1.01 , 0.5797422 , 0.0435317 , 0.001042876792 , 0.81 , 0.508022 , 0.0552803 , 0.001103 , 1.01 , 0.5797422 , 0.0435317 , 0.001089 , 1.03 , 0.6056289 , 0.043376 , 
4 , 0.28125 , 15 , 2 , OFF , Array , 16 , 1 , 1 , 1 , 0 , 1 , 1 , 1 , 1 , 567 , MultiplierP_unq1 , MultiplierP , 379 , 32 , 30 , 566 , 0 , 567 , 0 , 532 , 0 , 0 , 1.24 , 0 , 40 , 0.9 , 411 , svt , 0.001096 , 1.24 , 0.5791867 , 0.0428789 , 0.001039877992 , 0.83 , 0.5066685 , 0.0549158 , 0.001096 , 1.24 , 0.5791867 , 0.0428789 , 0.001081 , 1.39 , 0.6042299 , 0.0427274 , 
4 , 0.28125 , 15 , 2 , OFF , Array , 16 , 1 , 1 , 1 , 0 , 1 , 1 , 1 , 1 , 567 , MultiplierP_unq1 , MultiplierP , 379 , 32 , 30 , 566 , 0 , 567 , 0 , 532 , 0 , 0 , 1.62 , 1 , 40 , 0.9 , 411 , svt , 0.001096 , 1.62 , 0.4695114 , 0.0319321 , 0.001039877992 , 1.09 , 0.4109149 , 0.0408195 , 0.001096 , 1.62 , 0.4695114 , 0.0319321 , 0.001081 , 1.83 , 0.4896722 , 0.0318173 , 
4 , 0.28125 , 15 , 2 , OFF , Array , 16 , 1 , 1 , 1 , 0 , 1 , 1 , 1 , 1 , 567 , MultiplierP_unq1 , MultiplierP , 379 , 32 , 30 , 566 , 0 , 567 , 0 , 532 , 0 , 0 , 2.33 , 0 , 40 , 0.9 , 411 , svt , 0.001096 , 2.33 , 0.3731542 , 0.0234291 , 0.001039877992 , 1.57 , 0.3270459 , 0.0298897 , 0.001096 , 2.33 , 0.3731542 , 0.0234291 , 0.001081 , 2.63 , 0.3890309 , 0.0233433 , 
7 , 0.46875 , 15 , 2 , OFF , ZM , 16 , 1 , 1 , 1 , 0 , 1 , 1 , 1 , 1 , 953 , MultiplierP_unq1 , MultiplierP , 1134 , 33 , 30 , 937 , 0 , 953 , 0 , 1020 , 0 , 0 , 0.53 , 0 , 0.68 , 0.9 , 1167 , svt , 0.001536 , 0.53 , 0.7234454 , 0.0674447 , 0.00145283042 , 0.46 , 0.608575 , 0.0758534 , 0.001536 , 0.53 , 0.7234454 , 0.0674447 , 0.001591 , 0.54 , 0.7643714 , 0.0703873 , 
7 , 0.46875 , 15 , 2 , OFF , ZM , 16 , 1 , 1 , 1 , 0 , 1 , 1 , 1 , 1 , 900 , MultiplierP_unq1 , MultiplierP , 445 , 33 , 30 , 911 , 0 , 900 , 0 , 926 , 0 , 0 , 0.57 , 0 , 0.74058853627689 , 0.9 , 478 , svt , 0.001373 , 0.57 , 0.6423559 , 0.0533067 , 0.001391443217 , 0.46 , 0.5873476 , 0.0713209 , 0.001373 , 0.57 , 0.6423559 , 0.0533067 , 0.001404 , 0.58 , 0.672272 , 0.0557843 , 
7 , 0.46875 , 15 , 2 , OFF , ZM , 16 , 1 , 1 , 1 , 0 , 1 , 1 , 1 , 1 , 776 , MultiplierP_unq1 , MultiplierP , 490 , 34 , 30 , 778 , 0 , 776 , 0 , 814 , 0 , 0 , 0.62 , 0 , 0.79488605806485 , 0.9 , 524 , svt , 0.001265 , 0.62 , 0.6055385 , 0.0499962 , 0.001259143209 , 0.49 , 0.5461107 , 0.0659386 , 0.001265 , 0.62 , 0.6055385 , 0.0499962 , 0.001303 , 0.63 , 0.6363738 , 0.0524078 , 
8 , 0.53125 , 15 , 3 , OFF , Array , 16 , 1 , 1 , 1 , 0 , 1 , 1 , 1 , 1 , 922 , MultiplierP_unq1 , MultiplierP , 396 , 33 , 30 , 922 , 0 , 922 , 0 , 713 , 0 , 0 , 1.30 , 0 , 40 , 0.9 , 429 , svt , 0.00116 , 1.30 , 0.483501 , 0.0328334 , 0.001099501207 , 0.77 , 0.4121101 , 0.0480639 , 0.00116 , 1.30 , 0.483501 , 0.0328334 , 0.001046 , 1.44 , 0.5057466 , 0.0314116 , 
8 , 0.53125 , 15 , 3 , OFF , Array , 16 , 1 , 1 , 1 , 0 , 1 , 1 , 1 , 1 , 922 , MultiplierP_unq1 , MultiplierP , 396 , 33 , 30 , 922 , 0 , 922 , 0 , 713 , 0 , 0 , 1.69 , 1 , 40 , 0.9 , 429 , svt , 0.00116 , 1.69 , 0.3917083 , 0.0244828 , 0.001099501207 , 1.01 , 0.3342008 , 0.035735 , 0.00116 , 1.69 , 0.3917083 , 0.0244828 , 0.001046 , 1.89 , 0.4096228 , 0.0234169 , 
9 , 0.59375 , 15 , 3 , OFF , OS1 , 16 , 1 , 1 , 1 , 0 , 1 , 1 , 1 , 1 , 1757 , MultiplierP_unq1 , MultiplierP , 1450 , 32 , 30 , 1741 , 0 , 1757 , 0 , 1679 , 0 , 0 , 0.56 , 0 , 0.71 , 0.9 , 1482 , svt , 0.002142 , 0.56 , 0.7320605 , 0.0769654 , 0.002174835636 , 0.44 , 0.6626511 , 0.1038699 , 0.002142 , 0.56 , 0.7320605 , 0.0769654 , 0.002174 , 0.56 , 0.83777 , 0.0900046 , 
9 , 0.59375 , 15 , 3 , OFF , OS1 , 16 , 1 , 1 , 1 , 0 , 1 , 1 , 1 , 1 , 1403 , MultiplierP_unq1 , MultiplierP , 545 , 32 , 30 , 1393 , 0 , 1403 , 0 , 1281 , 0 , 0 , 0.60 , 0 , 0.772935621504921 , 0.9 , 577 , svt , 0.001695 , 0.60 , 0.6139625 , 0.057552 , 0.00162693723 , 0.48 , 0.5261837 , 0.0741803 , 0.001695 , 0.60 , 0.6139625 , 0.057552 , 0.00163 , 0.61 , 0.6761076 , 0.0617882 , 
9 , 0.59375 , 15 , 3 , OFF , OS1 , 16 , 1 , 1 , 1 , 0 , 1 , 1 , 1 , 1 , 959 , MultiplierP_unq1 , MultiplierP , 344 , 32 , 30 , 959 , 0 , 959 , 0 , 784 , 0 , 0 , 1.27 , 0 , 20 , 0.9 , 376 , svt , 0.001176 , 1.27 , 0.4553315 , 0.0292005 , 0.001115024411 , 0.91 , 0.3654043 , 0.0402566 , 0.001176 , 1.27 , 0.4553315 , 0.0292005 , 0.001079 , 1.54 , 0.4782257 , 0.027954 , 
9 , 0.59375 , 15 , 3 , OFF , OS1 , 16 , 1 , 1 , 1 , 0 , 1 , 1 , 1 , 1 , 959 , MultiplierP_unq1 , MultiplierP , 344 , 32 , 30 , 959 , 0 , 959 , 0 , 784 , 0 , 0 , 1.66 , 1 , 20 , 0.9 , 376 , svt , 0.001176 , 1.66 , 0.3687331 , 0.0217908 , 0.001115024411 , 1.19 , 0.2962655 , 0.0299474 , 0.001176 , 1.66 , 0.3687331 , 0.0217908 , 0.001079 , 2.02 , 0.3871528 , 0.0208572 , 
10 , 0.65625 , 15 , 3 , OFF , Wallace , 16 , 1 , 1 , 1 , 0 , 1 , 1 , 1 , 1 , 1737 , MultiplierP_unq1 , MultiplierP , 572 , 33 , 30 , 1694 , 0 , 1737 , 0 , 1613 , 0 , 0 , 0.53 , 0 , 0.674040705200077 , 0.9 , 605 , svt , 0.002218 , 0.53 , 0.7313969 , 0.0833068 , 0.002168485235 , 0.42 , 0.6479623 , 0.1024409 , 0.002218 , 0.53 , 0.7313969 , 0.0833068 , 0.002099 , 0.54 , 0.8111171 , 0.0872665 , 
10 , 0.65625 , 15 , 3 , OFF , Wallace , 16 , 1 , 1 , 1 , 0 , 1 , 1 , 1 , 1 , 1430 , MultiplierP_unq1 , MultiplierP , 468 , 34 , 30 , 1411 , 0 , 1430 , 0 , 1277 , 0 , 0 , 0.57 , 0 , 0.732791729462285 , 0.9 , 502 , svt , 0.001679 , 0.57 , 0.6031979 , 0.0571173 , 0.001589716829 , 0.45 , 0.5204503 , 0.0720131 , 0.001679 , 0.57 , 0.6031979 , 0.0571173 , 0.001606 , 0.57 , 0.6633344 , 0.0614574 , 
10 , 0.65625 , 15 , 3 , OFF , Wallace , 16 , 1 , 1 , 1 , 0 , 1 , 1 , 1 , 1 , 907 , MultiplierP_unq1 , MultiplierP , 378 , 32 , 30 , 907 , 0 , 907 , 0 , 698 , 0 , 0 , 1.10 , 0 , 40 , 0.9 , 410 , svt , 0.00116 , 1.10 , 0.4661189 , 0.0333337 , 0.001096149606 , 0.67 , 0.3915217 , 0.04845 , 0.00116 , 1.10 , 0.4661189 , 0.0333337 , 0.001038 , 1.25 , 0.4793972 , 0.0318746 , 
11 , 0.71875 , 15 , 3 , OFF , ZM , 16 , 1 , 1 , 1 , 0 , 1 , 1 , 1 , 1 , 1950 , MultiplierP_unq1 , MultiplierP , 1502 , 32 , 30 , 1940 , 0 , 1950 , 0 , 1853 , 0 , 0 , 0.52 , 0 , 0.66 , 0.9 , 1534 , svt , 0.002491 , 0.52 , 0.8241907 , 0.098054 , 0.00253733764 , 0.41 , 0.7330168 , 0.1230018 , 0.002491 , 0.52 , 0.8241907 , 0.098054 , 0.002409 , 0.53 , 0.9245631 , 0.1035949 , 
11 , 0.71875 , 15 , 3 , OFF , ZM , 16 , 1 , 1 , 1 , 0 , 1 , 1 , 1 , 1 , 1585 , MultiplierP_unq1 , MultiplierP , 507 , 32 , 30 , 1564 , 0 , 1585 , 0 , 1452 , 0 , 0 , 0.56 , 0 , 0.722006393661939 , 0.9 , 539 , svt , 0.001874 , 0.56 , 0.6618218 , 0.0662541 , 0.001824505235 , 0.45 , 0.5651543 , 0.081504 , 0.001874 , 0.56 , 0.6618218 , 0.0662541 , 0.001801 , 0.57 , 0.7236224 , 0.0690772 , 
11 , 0.71875 , 15 , 3 , OFF , ZM , 16 , 1 , 1 , 1 , 0 , 1 , 1 , 1 , 1 , 967 , MultiplierP_unq1 , MultiplierP , 353 , 33 , 30 , 967 , 0 , 967 , 0 , 778 , 0 , 0 , 1.24 , 0 , 20 , 0.9 , 386 , svt , 0.001184 , 1.24 , 0.4551714 , 0.0286931 , 0.001118199611 , 0.78 , 0.3679387 , 0.0402227 , 0.001184 , 1.24 , 0.4551714 , 0.0286931 , 0.001079 , 1.34 , 0.4798809 , 0.0273633 , 
12 , 0.78125 , 15 , 4 , OFF , Array , 16 , 1 , 1 , 1 , 0 , 1 , 1 , 1 , 1 , 2441 , MultiplierP_unq1 , MultiplierP , 1835 , 32 , 30 , 2359 , 0 , 2441 , 0 , 2377 , 0 , 0 , 0.60 , 0 , 0.76 , 0.9 , 1867 , svt , 0.003245 , 0.60 , 0.9775944 , 0.1277251 , 0.003087529246 , 0.47 , 0.7957779 , 0.146444 , 0.003245 , 0.60 , 0.9775944 , 0.1277251 , 0.003131 , 0.61 , 1.0680 , 0.1303657 , 
12 , 0.78125 , 15 , 4 , OFF , Array , 16 , 1 , 1 , 1 , 0 , 1 , 1 , 1 , 1 , 1833 , MultiplierP_unq1 , MultiplierP , 591 , 31 , 30 , 1771 , 0 , 1833 , 0 , 1759 , 0 , 0 , 0.67 , 0 , 0.864133089048258 , 0.9 , 622 , svt , 0.002116 , 0.67 , 0.7111158 , 0.0693372 , 0.001986793237 , 0.53 , 0.6000204 , 0.0859878 , 0.002116 , 0.67 , 0.7111158 , 0.0693372 , 0.002125 , 0.68 , 0.8003036 , 0.0779771 , 
12 , 0.78125 , 15 , 4 , OFF , Array , 16 , 1 , 1 , 1 , 0 , 1 , 1 , 1 , 1 , 1667 , MultiplierP_unq1 , MultiplierP , 467 , 32 , 30 , 1603 , 0 , 1667 , 0 , 1575 , 0 , 0 , 0.75 , 0 , 0.969774020244266 , 0.9 , 499 , svt , 0.001845 , 0.75 , 0.6538521 , 0.0548282 , 0.00172342803 , 0.59 , 0.5442922 , 0.0718628 , 0.001845 , 0.75 , 0.6538521 , 0.0548282 , 0.001837 , 0.75 , 0.7135645 , 0.0595767 , 
12 , 0.78125 , 15 , 4 , OFF , Array , 16 , 1 , 1 , 1 , 0 , 1 , 1 , 1 , 1 , 1551 , MultiplierP_unq1 , MultiplierP , 426 , 32 , 30 , 1522 , 0 , 1551 , 0 , 1389 , 0 , 0 , 0.94 , 0 , 1.22137876667627 , 0.9 , 458 , svt , 0.001651 , 0.94 , 0.5633107 , 0.0389402 , 0.001533974424 , 0.74 , 0.4666642 , 0.0544197 , 0.001651 , 0.94 , 0.5633107 , 0.0389402 , 0.001574 , 0.94 , 0.6030542 , 0.0406861 , 
12 , 0.78125 , 15 , 4 , OFF , Array , 16 , 1 , 1 , 1 , 0 , 1 , 1 , 1 , 1 , 1503 , MultiplierP_unq1 , MultiplierP , 422 , 32 , 30 , 1501 , 0 , 1503 , 0 , 1336 , 0 , 0 , 1.06 , 0 , 1.37069325525444 , 0.9 , 454 , svt , 0.001617 , 1.06 , 0.5502986 , 0.0370309 , 0.001529564423 , 0.84 , 0.4650211 , 0.0559823 , 0.001617 , 1.06 , 0.5502986 , 0.0370309 , 0.001532 , 1.06 , 0.5954309 , 0.0388789 , 
12 , 0.78125 , 15 , 4 , OFF , Array , 16 , 1 , 1 , 1 , 0 , 1 , 1 , 1 , 1 , 1465 , MultiplierP_unq1 , MultiplierP , 412 , 33 , 30 , 1474 , 0 , 1465 , 0 , 1276 , 0 , 0 , 1.19 , 0 , 1.53826155428653 , 0.9 , 445 , svt , 0.001591 , 1.19 , 0.5436783 , 0.0358315 , 0.00151263002 , 0.94 , 0.4648405 , 0.0564528 , 0.001591 , 1.19 , 0.5436783 , 0.0358315 , 0.00149 , 1.19 , 0.5876349 , 0.0364816 , 
12 , 0.78125 , 15 , 4 , OFF , Array , 16 , 1 , 1 , 1 , 0 , 1 , 1 , 1 , 1 , 1418 , MultiplierP_unq1 , MultiplierP , 407 , 33 , 30 , 1419 , 0 , 1418 , 0 , 1230 , 0 , 0 , 1.33 , 0 , 1.72631520606467 , 0.9 , 440 , svt , 0.001557 , 1.33 , 0.5483347 , 0.0370812 , 0.001486346416 , 1.05 , 0.4691761 , 0.0575082 , 0.001557 , 1.33 , 0.5483347 , 0.0370812 , 0.001464 , 1.34 , 0.593668 , 0.0379028 , 
12 , 0.78125 , 15 , 4 , OFF , Array , 16 , 1 , 1 , 1 , 0 , 1 , 1 , 1 , 1 , 1360 , MultiplierP_unq1 , MultiplierP , 397 , 31 , 30 , 1356 , 0 , 1360 , 0 , 1194 , 0 , 0 , 1.49 , 0 , 1.9373585606333 , 0.9 , 428 , svt , 0.001532 , 1.49 , 0.5563621 , 0.0396603 , 0.001457064008 , 1.18 , 0.4659038 , 0.0584938 , 0.001532 , 1.49 , 0.5563621 , 0.0396603 , 0.001447 , 1.50 , 0.602001 , 0.0395986 , 
12 , 0.78125 , 15 , 4 , OFF , Array , 16 , 1 , 1 , 1 , 0 , 1 , 1 , 1 , 1 , 1323 , MultiplierP_unq1 , MultiplierP , 381 , 31 , 30 , 1333 , 0 , 1323 , 0 , 1124 , 0 , 0 , 1.65 , 0 , 2.17420212674564 , 0.9 , 412 , svt , 0.001515 , 1.65 , 0.5525283 , 0.0391585 , 0.001439600405 , 1.32 , 0.4633456 , 0.0570778 , 0.001515 , 1.65 , 0.5525283 , 0.0391585 , 0.001405 , 1.67 , 0.5902129 , 0.0378028 , 
12 , 0.78125 , 15 , 4 , OFF , Array , 16 , 1 , 1 , 1 , 0 , 1 , 1 , 1 , 1 , 1333 , MultiplierP_unq1 , MultiplierP , 388 , 35 , 30 , 1346 , 0 , 1333 , 0 , 1101 , 0 , 0 , 1.87 , 0 , 20 , 0.9 , 423 , svt , 0.001515 , 1.87 , 0.5635343 , 0.038789 , 0.001443304805 , 1.26 , 0.4667667 , 0.0575728 , 0.001515 , 1.87 , 0.5635343 , 0.038789 , 0.001388 , 1.96 , 0.5926903 , 0.0373171 , 
12 , 0.78125 , 15 , 4 , OFF , Array , 16 , 1 , 1 , 1 , 0 , 1 , 1 , 1 , 1 , 1333 , MultiplierP_unq1 , MultiplierP , 388 , 35 , 30 , 1346 , 0 , 1333 , 0 , 1101 , 0 , 0 , 2.44 , 1 , 20 , 0.9 , 423 , svt , 0.001515 , 2.44 , 0.4560672 , 0.0288962 , 0.001443304805 , 1.65 , 0.3781591 , 0.0427231 , 0.001515 , 2.44 , 0.4560672 , 0.0288962 , 0.001388 , 2.55 , 0.479302 , 0.0277907 , 
12 , 0.78125 , 15 , 4 , OFF , Array , 16 , 1 , 1 , 1 , 0 , 1 , 1 , 1 , 1 , 1333 , MultiplierP_unq1 , MultiplierP , 388 , 35 , 30 , 1346 , 0 , 1333 , 0 , 1101 , 0 , 0 , 3.50 , 0 , 20 , 0.9 , 423 , svt , 0.001515 , 3.50 , 0.3616798 , 0.0212163 , 0.001443304805 , 2.36 , 0.3005638 , 0.0312342 , 0.001515 , 3.50 , 0.3616798 , 0.0212163 , 0.001388 , 3.64 , 0.3798335 , 0.0203977 , 
13 , 0.84375 , 15 , 4 , OFF , Wallace , 16 , 1 , 1 , 1 , 0 , 1 , 1 , 1 , 1 , 2785 , MultiplierP_unq1 , MultiplierP , 2238 , 31 , 30 , 2685 , 0 , 2785 , 0 , 2727 , 0 , 0 , 0.55 , 0 , 0.69 , 0.9 , 2269 , svt , 0.004064 , 0.55 , 1.2181 , 0.1702743 , 0.003799832455 , 0.43 , 0.955884 , 0.1871572 , 0.004064 , 0.55 , 1.2181 , 0.1702743 , 0.003886 , 0.59 , 1.3184 , 0.1705528 , 
13 , 0.84375 , 15 , 4 , OFF , Wallace , 16 , 1 , 1 , 1 , 0 , 1 , 1 , 1 , 1 , 2063 , MultiplierP_unq1 , MultiplierP , 899 , 33 , 30 , 1921 , 0 , 2063 , 0 , 1905 , 0 , 0 , 0.61 , 0 , 0.788768273999469 , 0.9 , 932 , svt , 0.002531 , 0.61 , 0.7944539 , 0.089974 , 0.002275560037 , 0.49 , 0.6776031 , 0.1062893 , 0.002531 , 0.61 , 0.7944539 , 0.089974 , 0.002328 , 0.62 , 0.8779847 , 0.0891334 , 
13 , 0.84375 , 15 , 4 , OFF , Wallace , 16 , 1 , 1 , 1 , 0 , 1 , 1 , 1 , 1 , 1650 , MultiplierP_unq1 , MultiplierP , 473 , 32 , 30 , 1604 , 0 , 1650 , 0 , 1529 , 0 , 0 , 0.69 , 0 , 0.888793414383003 , 0.9 , 505 , svt , 0.001887 , 0.69 , 0.6598627 , 0.0601988 , 0.00179081283 , 0.55 , 0.5581733 , 0.0779588 , 0.001887 , 0.69 , 0.6598627 , 0.0601988 , 0.001843 , 0.69 , 0.7343674 , 0.0658106 , 
13 , 0.84375 , 15 , 4 , OFF , Wallace , 16 , 1 , 1 , 1 , 0 , 1 , 1 , 1 , 1 , 1592 , MultiplierP_unq1 , MultiplierP , 442 , 33 , 30 , 1538 , 0 , 1592 , 0 , 1452 , 0 , 0 , 0.77 , 0 , 1.00150292486425 , 0.9 , 475 , svt , 0.001735 , 0.77 , 0.6043134 , 0.0488051 , 0.001594126826 , 0.61 , 0.4898585 , 0.0632881 , 0.001735 , 0.77 , 0.6043134 , 0.0488051 , 0.001668 , 0.78 , 0.6539659 , 0.0496934 , 
13 , 0.84375 , 15 , 4 , OFF , Wallace , 16 , 1 , 1 , 1 , 0 , 1 , 1 , 1 , 1 , 1552 , MultiplierP_unq1 , MultiplierP , 416 , 34 , 30 , 1513 , 0 , 1552 , 0 , 1398 , 0 , 0 , 0.87 , 0 , 1.12850533350085 , 0.9 , 450 , svt , 0.001668 , 0.87 , 0.5636943 , 0.0412224 , 0.001536091225 , 0.69 , 0.4623063 , 0.0566439 , 0.001668 , 0.87 , 0.5636943 , 0.0412224 , 0.0016 , 0.87 , 0.6067126 , 0.0425865 , 
13 , 0.84375 , 15 , 4 , OFF , Wallace , 16 , 1 , 1 , 1 , 0 , 1 , 1 , 1 , 1 , 1507 , MultiplierP_unq1 , MultiplierP , 412 , 31 , 30 , 1495 , 0 , 1507 , 0 , 1335 , 0 , 0 , 0.98 , 0 , 1.27161314872095 , 0.9 , 443 , svt , 0.001625 , 0.98 , 0.5493453 , 0.0386943 , 0.001531328421 , 0.78 , 0.4588501 , 0.0566306 , 0.001625 , 0.98 , 0.5493453 , 0.0386943 , 0.001549 , 0.98 , 0.5950029 , 0.0403901 , 
13 , 0.84375 , 15 , 4 , OFF , Wallace , 16 , 1 , 1 , 1 , 0 , 1 , 1 , 1 , 1 , 1481 , MultiplierP_unq1 , MultiplierP , 413 , 33 , 30 , 1455 , 0 , 1481 , 0 , 1271 , 0 , 0 , 1.10 , 0 , 1.43286872644522 , 0.9 , 446 , svt , 0.001591 , 1.10 , 0.5422228 , 0.0366869 , 0.001500105618 , 0.88 , 0.4551862 , 0.0561645 , 0.001591 , 1.10 , 0.5422228 , 0.0366869 , 0.001498 , 1.11 , 0.5794258 , 0.0376704 , 
13 , 0.84375 , 15 , 4 , OFF , Wallace , 16 , 1 , 1 , 1 , 0 , 1 , 1 , 1 , 1 , 1361 , MultiplierP_unq1 , MultiplierP , 644 , 32 , 30 , 1364 , 0 , 1361 , 0 , 1154 , 0 , 0 , 1.25 , 0 , 1.61457341746573 , 0.9 , 676 , svt , 0.001566 , 1.25 , 0.5436288 , 0.0401873 , 0.001491991213 , 0.98 , 0.4659964 , 0.0605061 , 0.001566 , 1.25 , 0.5436288 , 0.0401873 , 0.001447 , 1.25 , 0.5855873 , 0.0404707 , 
13 , 0.84375 , 15 , 4 , OFF , Wallace , 16 , 1 , 1 , 1 , 0 , 1 , 1 , 1 , 1 , 1343 , MultiplierP_unq1 , MultiplierP , 574 , 34 , 30 , 1332 , 0 , 1343 , 0 , 1165 , 0 , 0 , 1.40 , 0 , 1.81932041105696 , 0.9 , 608 , svt , 0.001532 , 1.40 , 0.5507831 , 0.0410018 , 0.001455123606 , 1.11 , 0.4595097 , 0.059909 , 0.001532 , 1.40 , 0.5507831 , 0.0410018 , 0.00143 , 1.40 , 0.5955623 , 0.0403636 , 
13 , 0.84375 , 15 , 4 , OFF , Wallace , 16 , 1 , 1 , 1 , 0 , 1 , 1 , 1 , 1 , 1328 , MultiplierP_unq1 , MultiplierP , 391 , 33 , 30 , 1328 , 0 , 1328 , 0 , 1103 , 0 , 0 , 1.57 , 0 , 2.05003174354486 , 0.9 , 424 , svt , 0.001515 , 1.57 , 0.5435403 , 0.0391714 , 0.001438012805 , 1.21 , 0.4516534 , 0.0576387 , 0.001515 , 1.57 , 0.5435403 , 0.0391714 , 0.001397 , 1.56 , 0.57803 , 0.0379146 , 
13 , 0.84375 , 15 , 4 , OFF , Wallace , 16 , 1 , 1 , 1 , 0 , 1 , 1 , 1 , 1 , 1325 , MultiplierP_unq1 , MultiplierP , 468 , 32 , 30 , 1340 , 0 , 1325 , 0 , 1096 , 0 , 0 , 1.77 , 0 , 40 , 0.9 , 500 , svt , 0.001515 , 1.77 , 0.55267 , 0.0388356 , 0.001441717205 , 1.16 , 0.453374 , 0.0575885 , 0.001515 , 1.77 , 0.55267 , 0.0388356 , 0.001388 , 1.94 , 0.5885454 , 0.0372483 , 
13 , 0.84375 , 15 , 4 , OFF , Wallace , 16 , 1 , 1 , 1 , 0 , 1 , 1 , 1 , 1 , 1328 , MultiplierP_unq1 , MultiplierP , 391 , 33 , 30 , 1328 , 0 , 1328 , 0 , 1103 , 0 , 0 , 2.04 , 1 , 2.05003174354486 , 0.9 , 424 , svt , 0.001515 , 2.04 , 0.4399127 , 0.0291787 , 0.001438012805 , 1.59 , 0.3659581 , 0.0427721 , 0.001515 , 2.04 , 0.4399127 , 0.0291787 , 0.001397 , 2.04 , 0.4674518 , 0.0282308 , 
13 , 0.84375 , 15 , 4 , OFF , Wallace , 16 , 1 , 1 , 1 , 0 , 1 , 1 , 1 , 1 , 1325 , MultiplierP_unq1 , MultiplierP , 468 , 32 , 30 , 1340 , 0 , 1325 , 0 , 1096 , 0 , 0 , 2.31 , 1 , 40 , 0.9 , 500 , svt , 0.001515 , 2.31 , 0.4472406 , 0.0289315 , 0.001441717205 , 1.51 , 0.3673529 , 0.0427334 , 0.001515 , 2.31 , 0.4472406 , 0.0289315 , 0.001388 , 2.55 , 0.4757826 , 0.0277396 , 
13 , 0.84375 , 15 , 4 , OFF , Wallace , 16 , 1 , 1 , 1 , 0 , 1 , 1 , 1 , 1 , 1325 , MultiplierP_unq1 , MultiplierP , 468 , 32 , 30 , 1340 , 0 , 1325 , 0 , 1096 , 0 , 0 , 3.31 , 0 , 40 , 0.9 , 500 , svt , 0.001515 , 3.31 , 0.354664 , 0.0212427 , 0.001441717205 , 2.15 , 0.2920205 , 0.0312408 , 0.001515 , 3.31 , 0.354664 , 0.0212427 , 0.001388 , 3.66 , 0.3769415 , 0.0203603 , 
